Gene Table for Profile 38 (0.0,1.0,1.0,1.0,1.0)
Num. Genes Expected	Num. Genes Assigned	P-Value	Significant
1,657.0	371.1	0.00	 (significant)
-------
Selected	Weight	Geneid	SPOT	Blood	1 hour	2 hours	4 hours	6 hours
	1.00	AARS	ID_4	0.00	5.63	7.37	7.78	8.00
	1.00	ABALON	ID_6	0.00	4.17	5.07	5.78	5.71
	1.00	ABCA3	ID_8	0.00	2.90	4.30	4.60	4.86
	1.00	ABCB9	ID_10	0.00	3.97	5.22	5.43	6.22
	1.00	ABCC3	ID_11	0.00	4.82	6.44	6.94	7.34
	1.00	ABCG2	ID_16	0.00	3.78	5.52	6.19	6.44
	1.00	ABLIM3	ID_20	0.00	7.05	8.66	9.37	9.28
	1.00	AC004943.2	ID_25	0.00	3.93	5.65	6.30	6.10
	1.00	AC006213.1	ID_30	0.00	2.81	4.09	4.19	3.56
	1.00	AC006333.2	ID_32	0.00	2.67	3.73	4.36	4.55
	1.00	AC006453.2	ID_33	0.00	2.66	3.04	3.38	3.69
	1.00	AC009237.3	ID_48	0.00	6.37	7.92	8.19	8.42
	1.00	AC009299.2	ID_49	0.00	4.78	6.27	6.98	6.92
	1.00	AC009404.1	ID_50	0.00	2.47	3.54	3.33	3.88
	1.00	AC010503.4	ID_57	0.00	2.92	4.23	4.35	4.58
	1.00	AC011294.1	ID_62	0.00	4.25	5.94	5.98	6.57
	1.00	AC011481.1	ID_63	0.00	3.84	5.31	5.60	6.15
	1.00	AC016582.3	ID_67	0.00	5.73	7.77	8.08	8.10
	1.00	AC019080.1	ID_68	0.00	4.75	6.07	7.10	6.72
	1.00	AC019117.1	ID_69	0.00	4.45	6.02	5.98	6.47
	1.00	AC026403.1	ID_76	0.00	3.22	4.58	4.63	5.52
	1.00	AC027702.1	ID_79	0.00	2.87	4.48	4.30	4.64
	1.00	AC064807.1	ID_82	0.00	2.91	4.04	4.34	3.93
	1.00	AC073136.1	ID_83	0.00	3.39	4.89	5.52	5.58
	1.00	AC080112.1	ID_88	0.00	5.20	6.93	7.36	7.72
	1.00	AC087289.1	ID_89	0.00	4.97	6.37	6.49	7.15
	1.00	AC092117.1	ID_94	0.00	2.54	3.43	3.73	3.74
	1.00	AC095055.1	ID_101	0.00	4.21	5.07	5.38	5.60
	1.00	AC099850.3	ID_106	0.00	2.54	3.12	3.07	3.52
	1.00	AC138028.2	ID_124	0.00	4.78	4.67	4.55	5.52
	1.00	ACACA	ID_130	0.00	4.21	5.93	6.32	6.48
	1.00	ACKR3	ID_133	0.00	3.00	3.93	4.04	4.34
	1.00	ACOT2	ID_135	0.00	3.25	4.89	5.28	5.47
	1.00	ACOT7	ID_136	0.00	5.54	6.95	7.38	7.88
	1.00	ACTL6A	ID_141	0.00	2.83	4.16	4.60	4.89
	1.00	ACTR5	ID_142	0.00	2.32	3.66	3.52	4.14
	1.00	ADAM15	ID_144	0.00	3.68	5.11	5.48	5.87
	1.00	ADAMTSL5	ID_146	0.00	3.42	5.15	5.43	5.32
	1.00	ADCY3	ID_149	0.00	3.38	4.83	5.35	5.71
	1.00	ADCY6	ID_150	0.00	4.00	5.44	5.72	5.98
	1.00	ADCY9	ID_151	0.00	2.75	4.28	4.65	4.90
	1.00	ADGRA3	ID_152	0.00	5.18	6.98	7.40	7.79
	1.00	ADGRF1	ID_153	0.00	7.44	9.51	9.78	10.14
	1.00	ADGRF5	ID_155	0.00	7.45	9.34	9.82	9.90
	1.00	ADGRG1	ID_156	0.00	3.54	5.23	5.60	5.79
	1.00	ADM2	ID_160	0.00	4.20	5.95	6.24	6.51
	1.00	ADORA1	ID_162	0.00	4.46	5.97	6.29	7.69
	1.00	ADORA2B	ID_163	0.00	4.18	5.74	6.20	6.74
	1.00	ADPRHL1	ID_164	0.00	3.49	4.54	5.13	5.16
	1.00	ADSSL1	ID_165	0.00	3.14	4.97	5.20	5.34
	1.00	AFAP1-AS1	ID_169	0.00	8.64	10.32	10.88	11.24
	1.00	AFDN-DT	ID_171	0.00	3.91	5.44	5.54	6.33
	1.00	AFMID	ID_172	0.00	3.03	4.36	4.81	5.19
	1.00	AGAP1	ID_174	0.00	4.59	6.42	6.78	7.13
	1.00	AGRN	ID_178	0.00	3.70	5.12	5.37	6.16
	1.00	AHCY	ID_180	0.00	4.98	6.52	7.04	7.64
	1.00	AHNAK2	ID_183	0.00	8.25	9.96	10.30	10.13
	1.00	AJUBA	ID_189	0.00	6.25	7.97	8.22	8.54
	1.00	AK4	ID_191	0.00	6.61	8.36	9.05	9.38
	1.00	AK6	ID_192	0.00	2.40	3.83	3.79	4.38
	1.00	AKAP6	ID_194	0.00	6.01	8.09	8.59	8.61
	1.00	AL109918.1	ID_208	0.00	5.51	6.82	6.14	6.43
	1.00	AL137060.1	ID_213	0.00	3.95	4.25	4.09	4.09
	1.00	AL137077.2	ID_214	0.00	3.61	4.39	4.49	5.14
	1.00	AL161431.1	ID_218	0.00	3.89	5.22	6.41	6.41
	1.00	AL162171.1	ID_219	0.00	8.25	9.67	10.33	10.29
	1.00	AL596244.1	ID_234	0.00	4.38	5.43	6.07	6.19
	1.00	AL928654.4	ID_238	0.00	3.66	5.37	5.46	5.97
	1.00	ALDH1B1	ID_242	0.00	6.20	8.13	8.59	9.21
	1.00	ALDH7A1	ID_246	0.00	6.61	8.15	8.46	9.04
	1.00	AMH	ID_260	0.00	3.54	4.04	4.07	5.65
	1.00	AMOTL2	ID_261	0.00	8.33	10.13	10.70	11.14
	1.00	ANGPTL4	ID_263	0.00	7.72	9.40	9.97	10.61
	1.00	ANK3	ID_265	0.00	2.99	4.40	5.05	4.92
	1.00	ANKRD9	ID_272	0.00	3.32	4.37	4.47	4.82
	1.00	ANKS3	ID_273	0.00	2.54	3.57	3.28	4.16
	1.00	ANKS6	ID_274	0.00	2.81	4.28	4.51	4.88
	1.00	ANLN	ID_275	0.00	5.27	6.15	6.87	6.87
	1.00	ANO7	ID_276	0.00	2.67	3.13	4.17	4.12
	1.00	ANXA2	ID_277	0.00	4.14	5.46	6.00	6.26
	1.00	ANXA2P2	ID_278	0.00	3.21	4.15	4.86	4.97
	1.00	AP001372.2	ID_280	0.00	3.95	5.12	5.46	6.00
	1.00	AP001505.1	ID_281	0.00	3.81	4.75	4.81	5.79
	1.00	AP1M2	ID_286	0.00	3.22	4.67	4.96	5.51
	1.00	AP1S1	ID_287	0.00	4.02	5.39	5.98	6.33
	1.00	APBB2	ID_290	0.00	3.59	5.42	6.40	6.16
	1.00	APP	ID_295	0.00	4.55	6.19	6.76	7.07
	1.00	AREG	ID_299	0.00	4.33	5.84	6.61	6.42
	1.00	ARG2	ID_303	0.00	5.58	7.42	7.95	8.06
	1.00	ARHGAP10	ID_304	0.00	3.25	4.71	5.15	5.25
	1.00	ARHGAP11A	ID_305	0.00	4.20	4.72	5.39	5.39
	1.00	ARHGAP29	ID_308	0.00	7.27	9.01	9.78	9.73
	1.00	ARHGAP32	ID_309	0.00	3.42	5.24	5.93	5.82
	1.00	ARHGAP39	ID_310	0.00	6.08	7.12	7.40	7.79
	1.00	ARHGAP44	ID_312	0.00	3.62	5.34	5.80	5.87
	1.00	ARHGAP5	ID_313	0.00	3.52	5.26	5.94	5.78
	1.00	ARHGAP5-AS1	ID_314	0.00	4.04	5.85	6.61	6.79
	1.00	ARHGEF10L	ID_315	0.00	4.24	5.83	5.94	6.89
	1.00	ARHGEF12	ID_316	0.00	4.27	6.10	6.73	6.69
	1.00	ARHGEF16	ID_317	0.00	7.24	8.72	8.53	9.24
	1.00	ARHGEF17	ID_318	0.00	4.62	6.10	6.38	6.60
	1.00	ARHGEF26	ID_319	0.00	4.51	6.11	6.57	6.86
	1.00	ARHGEF34P	ID_321	0.00	6.17	7.73	8.14	8.29
	1.00	ARHGEF35	ID_322	0.00	3.63	5.49	5.67	6.03
	1.00	ARHGEF37	ID_323	0.00	4.09	5.09	5.96	6.75
	1.00	ARHGEF38	ID_324	0.00	3.41	5.02	5.29	5.52
	1.00	ARHGEF39	ID_325	0.00	2.66	3.33	3.51	3.85
	1.00	ARHGEF5	ID_326	0.00	4.71	6.32	6.54	6.98
	1.00	ARL2	ID_329	0.00	3.46	4.73	4.81	5.64
	1.00	ARL4A	ID_330	0.00	3.55	4.52	4.96	5.10
	1.00	ARNT2	ID_335	0.00	6.63	8.78	8.88	8.86
	1.00	ARSJ	ID_337	0.00	6.82	8.52	9.43	9.51
	1.00	ARVCF	ID_338	0.00	2.10	3.03	2.58	3.54
	1.00	ASAP2	ID_340	0.00	3.87	5.62	6.46	6.16
	1.00	ASAP3	ID_341	0.00	5.43	7.22	7.48	7.74
	1.00	ASB3	ID_343	0.00	2.60	3.50	3.80	4.30
	1.00	ASNS	ID_346	0.00	4.90	6.63	7.07	7.49
	1.00	ASPM	ID_348	0.00	8.43	9.13	9.77	9.75
	1.00	ASS1	ID_349	0.00	7.45	9.45	9.75	10.12
	1.00	ATAD3A	ID_351	0.00	3.46	4.44	4.70	5.26
	1.00	ATAD3C	ID_352	0.00	3.91	5.76	6.08	6.69
	1.00	ATF3	ID_353	0.00	3.09	3.94	4.04	4.19
	1.00	ATG101	ID_354	0.00	3.05	4.16	4.32	5.06
	1.00	ATG9B	ID_355	0.00	3.31	3.85	3.63	4.85
	1.00	ATIC	ID_356	0.00	3.83	5.41	5.86	6.32
	1.00	ATP1A1	ID_360	0.00	3.16	4.78	5.20	5.36
	1.00	ATP1B1	ID_362	0.00	7.52	9.46	10.00	10.29
	1.00	ATP1B3	ID_363	0.00	3.03	4.71	4.85	5.42
	1.00	ATP2C2	ID_365	0.00	5.41	6.95	7.33	7.63
	1.00	ATP8B1	ID_371	0.00	6.19	8.02	8.30	8.78
	1.00	AURKA	ID_374	0.00	5.53	5.99	6.01	6.01
	1.00	AVPI1	ID_376	0.00	3.75	4.89	4.58	5.38
	1.00	AZGP1	ID_377	0.00	8.59	10.48	10.95	11.12
	1.00	AZIN1-AS1	ID_379	0.00	3.75	4.55	4.91	4.86
	1.00	B3GALNT1	ID_380	0.00	3.96	5.76	5.91	6.36
	1.00	B3GNT3	ID_382	0.00	10.17	11.96	12.50	12.71
	1.00	B3GNT4	ID_383	0.00	4.81	4.94	5.02	5.57
	1.00	B4GALNT3	ID_385	0.00	3.10	4.16	4.59	4.95
	1.00	B4GALT2	ID_387	0.00	4.25	5.52	5.97	6.59
	1.00	B4GAT1	ID_389	0.00	3.93	5.68	5.73	6.46
	1.00	B9D1	ID_390	0.00	4.12	5.48	5.67	6.46
	1.00	BAG3	ID_394	0.00	4.92	6.58	7.26	7.50
	1.00	BAIAP2L1	ID_395	0.00	5.94	7.38	7.94	8.02
	1.00	BANF1	ID_396	0.00	3.55	4.84	5.14	5.71
	1.00	BBOF1	ID_399	0.00	3.29	5.06	5.58	5.66
	1.00	BCAM	ID_400	0.00	9.37	10.74	11.55	11.70
	1.00	BCAR1	ID_402	0.00	7.66	9.10	9.55	9.75
	1.00	BCAR3	ID_403	0.00	7.66	9.24	9.91	10.12
	1.00	BCAT2	ID_404	0.00	3.13	4.74	4.94	5.42
	1.00	BCL2L1	ID_406	0.00	3.16	4.58	5.44	5.43
	1.00	BCL2L2	ID_407	0.00	3.50	5.09	5.50	5.81
	1.00	BDKRB2	ID_409	0.00	7.38	9.28	9.46	10.10
	1.00	BEND3	ID_411	0.00	5.11	6.43	7.23	7.54
	1.00	BFSP1	ID_414	0.00	4.58	6.38	7.05	7.17
	1.00	BHLHE41	ID_415	0.00	8.37	9.25	9.10	8.68
	1.00	BIRC5	ID_416	0.00	8.47	8.96	9.15	9.55
	1.00	BMP1	ID_419	0.00	4.17	5.76	6.28	6.59
	1.00	BMS1	ID_421	0.00	2.70	4.14	4.64	4.74
	1.00	BMS1P1	ID_422	0.00	3.42	4.68	5.20	5.52
	1.00	BNIP1	ID_424	0.00	3.71	5.04	5.52	5.90
	1.00	BOK	ID_428	0.00	4.42	6.07	6.43	6.92
	1.00	BOLA3	ID_429	0.00	3.45	4.63	5.09	5.34
	1.00	BOP1	ID_430	0.00	3.42	4.73	5.05	5.69
	1.00	BPHL	ID_431	0.00	3.36	4.40	4.71	5.38
	1.00	BRIX1	ID_435	0.00	4.09	5.38	5.70	6.02
	1.00	BRMS1L	ID_436	0.00	3.85	5.60	6.04	6.25
	1.00	BSN	ID_437	0.00	3.81	5.03	5.50	5.93
	1.00	BSPRY	ID_438	0.00	6.85	8.18	8.52	8.89
	1.00	BTBD3	ID_439	0.00	4.08	5.73	6.21	6.77
	1.00	BTC	ID_440	0.00	5.88	7.81	8.18	8.09
	1.00	BTG3	ID_441	0.00	5.48	6.95	7.31	7.55
	1.00	BUB1	ID_442	0.00	7.28	7.96	8.59	8.59
	1.00	BUB1B	ID_443	0.00	5.94	6.84	7.12	7.05
	1.00	C11ORF1	ID_449	0.00	3.32	5.15	5.76	5.90
	1.00	C11ORF24	ID_450	0.00	3.84	5.32	5.93	6.17
	1.00	C11ORF80	ID_451	0.00	3.33	4.85	5.11	5.38
	1.00	C15ORF41	ID_455	0.00	2.68	3.82	3.90	4.68
	1.00	C16ORF96	ID_458	0.00	6.23	7.90	8.28	8.58
	1.00	C17ORF51	ID_459	0.00	4.54	6.06	6.65	6.86
	1.00	C17ORF53	ID_460	0.00	3.38	3.97	4.53	5.07
	1.00	C17ORF58	ID_461	0.00	3.82	5.24	5.58	6.10
	1.00	C19ORF48	ID_463	0.00	3.44	5.00	5.21	5.95
	1.00	C1ORF116	ID_466	0.00	7.20	8.75	9.59	9.74
	1.00	C1ORF198	ID_468	0.00	4.85	6.51	7.07	7.51
	1.00	C2ORF16	ID_475	0.00	3.32	5.06	5.29	5.92
	1.00	C3ORF14	ID_477	0.00	6.18	7.83	8.27	8.88
	1.00	C3ORF33	ID_478	0.00	3.70	5.16	5.35	5.83
	1.00	C3ORF52	ID_479	0.00	4.74	6.14	6.52	7.32
	1.00	C4ORF47	ID_482	0.00	3.25	4.39	4.58	5.51
	1.00	C5ORF34	ID_483	0.00	3.30	4.06	4.45	4.74
	1.00	C6ORF132	ID_485	0.00	6.29	7.73	8.42	8.53
	1.00	C6ORF15	ID_487	0.00	7.63	8.85	9.72	10.20
	1.00	C6ORF223	ID_488	0.00	6.94	8.32	8.89	9.13
	1.00	C6ORF48	ID_489	0.00	2.99	4.15	4.21	5.01
	1.00	C6ORF52	ID_490	0.00	4.09	4.25	4.52	4.61
	1.00	C8ORF33	ID_491	0.00	3.15	4.60	4.89	5.34
	1.00	CA11	ID_492	0.00	2.99	4.26	4.64	5.14
	1.00	CA13	ID_493	0.00	4.48	6.40	7.06	7.27
	1.00	CACNB1	ID_497	0.00	3.15	4.59	4.77	5.26
	1.00	CADM1	ID_498	0.00	4.86	6.52	7.17	7.88
	1.00	CALU	ID_502	0.00	4.72	6.37	7.04	7.30
	1.00	CAMK2D	ID_503	0.00	3.54	5.31	5.95	6.14
	1.00	CAMK2N1	ID_504	0.00	3.95	5.28	6.39	6.27
	1.00	CAMSAP2	ID_506	0.00	4.98	6.75	7.62	7.32
	1.00	CAMSAP3	ID_507	0.00	5.89	7.48	7.72	7.96
	1.00	CAPN2	ID_511	0.00	3.22	4.68	5.11	5.60
	1.00	CAPN5	ID_512	0.00	3.42	4.69	4.50	5.10
	1.00	CAPN6	ID_513	0.00	5.32	6.98	7.33	7.87
	1.00	CAPN8	ID_514	0.00	7.20	8.72	8.81	9.62
	1.00	CARMIL1	ID_517	0.00	4.12	5.94	6.56	6.87
	1.00	CASKIN2	ID_522	0.00	7.30	8.84	9.08	9.28
	1.00	CASTOR1	ID_523	0.00	3.70	5.13	5.64	5.39
	1.00	CAV1	ID_524	0.00	10.13	11.26	12.27	12.29
	1.00	CAV2	ID_525	0.00	8.46	9.72	10.71	10.76
	1.00	CBR3-AS1	ID_529	0.00	3.62	4.60	4.14	5.43
	1.00	CBS	ID_530	0.00	2.96	4.28	4.65	5.04
	1.00	CBX2	ID_531	0.00	5.51	7.18	7.08	7.51
	1.00	CCDC150	ID_537	0.00	5.15	5.89	6.27	7.04
	1.00	CCDC34	ID_539	0.00	4.17	4.49	5.61	5.67
	1.00	CCDC6	ID_543	0.00	4.19	5.76	6.30	6.33
	1.00	CCDC85B	ID_545	0.00	4.30	4.99	4.70	5.72
	1.00	CCDC86	ID_546	0.00	3.33	4.75	5.08	5.71
	1.00	CCL2	ID_547	0.00	4.13	4.91	5.41	5.04
	1.00	CCN1	ID_549	0.00	7.31	8.89	9.37	9.87
	1.00	CCNA2	ID_551	0.00	4.83	5.25	5.72	5.75
	1.00	CCNB1	ID_552	0.00	6.55	7.19	7.28	7.35
	1.00	CCNB1IP1	ID_553	0.00	3.57	4.98	5.54	5.99
	1.00	CCNB2	ID_554	0.00	5.17	5.76	5.70	5.96
	1.00	CCND1	ID_555	0.00	8.65	10.20	10.91	11.08
	1.00	CCNF	ID_557	0.00	3.48	4.61	4.69	5.48
	1.00	CCSER1	ID_559	0.00	4.98	6.68	7.26	7.38
	1.00	CCT2	ID_560	0.00	3.01	4.49	4.82	5.25
	1.00	CCT3	ID_561	0.00	3.00	4.51	4.86	5.28
	1.00	CD109	ID_566	0.00	8.67	10.31	11.12	11.56
	1.00	CD151	ID_567	0.00	3.63	5.07	5.34	5.95
	1.00	CD163L1	ID_568	0.00	3.98	5.37	5.85	6.19
	1.00	CD24	ID_569	0.00	3.14	4.95	5.48	5.47
	1.00	CD276	ID_570	0.00	7.50	8.77	9.51	10.06
	1.00	CD3EAP	ID_572	0.00	3.88	5.24	6.10	6.27
	1.00	CD40	ID_573	0.00	3.63	4.95	5.43	6.10
	1.00	CD99L2	ID_575	0.00	3.07	4.51	4.93	5.07
	1.00	CDC20	ID_576	0.00	7.32	7.72	7.70	7.88
	1.00	CDC25C	ID_579	0.00	2.60	3.49	3.92	4.34
	1.00	CDC42BPA	ID_580	0.00	4.28	6.11	6.80	6.65
	1.00	CDC42BPB	ID_581	0.00	5.21	6.93	7.42	7.51
	1.00	CDC42BPG	ID_582	0.00	2.44	3.78	3.69	4.42
	1.00	CDC42EP1	ID_583	0.00	6.20	7.74	8.32	8.31
	1.00	CDC42EP5	ID_584	0.00	4.70	6.21	6.43	7.44
	1.00	CDC45	ID_585	0.00	4.75	6.01	6.25	7.46
	1.00	CDCA2	ID_587	0.00	4.32	5.38	5.86	5.80
	1.00	CDCA3	ID_588	0.00	3.42	3.87	4.13	4.60
	1.00	CDCA5	ID_590	0.00	5.42	6.31	6.72	7.56
	1.00	CDCA8	ID_592	0.00	3.67	4.33	4.68	4.79
	1.00	CDCP1	ID_593	0.00	7.28	8.90	9.73	9.81
	1.00	CDH1	ID_594	0.00	8.34	10.08	10.97	10.93
	1.00	CDH3	ID_597	0.00	9.20	10.62	11.34	11.77
	1.00	CDK1	ID_598	0.00	5.60	6.78	7.54	8.06
	1.00	CDK4	ID_600	0.00	3.67	5.19	5.53	6.20
	1.00	CDKN1A	ID_602	0.00	4.49	6.17	6.99	6.93
	1.00	CDKN2A	ID_603	0.00	3.28	4.72	4.79	5.37
	1.00	CDKN2AIPNL	ID_604	0.00	2.82	4.11	4.36	4.80
	1.00	CDKN2B	ID_605	0.00	4.26	5.68	6.01	6.10
	1.00	CDKN2C	ID_606	0.00	2.97	3.16	3.58	3.69
	1.00	CDKN3	ID_607	0.00	5.24	5.53	5.92	6.03
	1.00	CDON	ID_608	0.00	3.58	5.66	5.94	6.29
	1.00	CDR2L	ID_609	0.00	5.51	7.02	7.57	8.04
	1.00	CDS1	ID_610	0.00	6.38	8.21	8.63	8.80
	1.00	CDT1	ID_611	0.00	5.51	6.56	7.09	7.94
	1.00	CEACAM5	ID_613	0.00	6.33	7.73	7.93	8.17
	1.00	CEACAM6	ID_614	0.00	4.16	5.83	6.24	6.31
	1.00	CELSR1	ID_617	0.00	5.76	7.58	7.87	8.22
	1.00	CELSR3	ID_619	0.00	4.32	5.73	5.71	6.31
	1.00	CENPE	ID_621	0.00	5.33	6.08	6.86	6.65
	1.00	CENPF	ID_622	0.00	6.22	7.09	7.87	7.74
	1.00	CENPL	ID_625	0.00	4.03	4.64	5.13	5.47
	1.00	CENPN	ID_627	0.00	2.90	3.84	4.39	4.69
	1.00	CENPU	ID_629	0.00	3.17	4.33	4.78	5.32
	1.00	CENPW	ID_630	0.00	4.03	4.80	4.93	5.57
	1.00	CEP128	ID_634	0.00	2.68	3.07	4.04	4.23
	1.00	CEP170B	ID_635	0.00	7.00	8.49	8.70	9.06
	1.00	CEP55	ID_637	0.00	8.44	8.86	9.25	9.26
	1.00	CEP70	ID_638	0.00	5.13	6.51	7.19	7.17
	1.00	CEP72	ID_639	0.00	3.39	4.78	4.87	5.43
	1.00	CERCAM	ID_642	0.00	5.09	6.63	7.00	7.55
	1.00	CERS6	ID_643	0.00	3.13	4.93	5.37	5.54
	1.00	CFH	ID_647	0.00	4.11	5.78	6.35	6.36
	1.00	CFL2	ID_649	0.00	2.87	4.00	4.52	4.57
	1.00	CGN	ID_650	0.00	7.70	9.33	9.66	9.94
	1.00	CGNL1	ID_651	0.00	6.94	8.54	9.23	9.01
	1.00	CHAC1	ID_652	0.00	7.50	9.10	9.18	9.69
	1.00	CHCHD10	ID_654	0.00	3.02	4.03	4.42	5.12
	1.00	CHCHD3	ID_655	0.00	3.08	4.54	5.01	5.33
	1.00	CHCHD3P3	ID_656	0.00	4.64	6.48	6.74	6.70
	1.00	CHCHD6	ID_657	0.00	5.14	6.45	6.93	7.38
	1.00	CHEK1	ID_659	0.00	4.17	5.59	6.19	6.65
	1.00	CHID1	ID_661	0.00	3.05	4.53	4.85	5.33
	1.00	CHKA	ID_662	0.00	2.56	4.17	4.34	4.55
	1.00	CHMP4C	ID_664	0.00	7.69	9.29	9.67	9.96
	1.00	CHPF	ID_665	0.00	5.91	7.24	7.58	8.19
	1.00	CHST3	ID_666	0.00	7.01	8.57	8.89	9.40
	1.00	CIART	ID_667	0.00	4.98	5.52	5.11	5.17
	1.00	CIP2A	ID_668	0.00	3.19	3.96	4.47	4.80
	1.00	CIT	ID_670	0.00	5.69	6.67	7.09	7.17
	1.00	CKAP2L	ID_671	0.00	5.04	5.90	6.71	6.21
	1.00	CKS1B	ID_674	0.00	5.54	6.97	7.54	7.85
	1.00	CKS2	ID_675	0.00	3.51	3.95	4.40	4.56
	1.00	CLCF1	ID_677	0.00	2.84	4.16	4.51	4.87
	1.00	CLDN12	ID_680	0.00	4.65	6.33	6.66	7.28
	1.00	CLDN4	ID_682	0.00	7.38	8.87	9.04	9.78
	1.00	CLDN7	ID_683	0.00	6.97	8.65	8.84	9.57
	1.00	CLGN	ID_684	0.00	5.87	7.76	8.40	8.34
	1.00	CLIC3	ID_686	0.00	3.73	5.08	5.51	5.49
	1.00	CLOCK	ID_689	0.00	3.21	4.94	5.67	5.64
	1.00	CLUH	ID_692	0.00	3.04	4.49	4.75	5.30
	1.00	CMBL	ID_694	0.00	5.78	7.38	7.71	8.42
	1.00	CMSS1	ID_696	0.00	4.23	6.02	6.63	6.79
	1.00	CMTM4	ID_697	0.00	3.68	5.54	5.87	6.29
	1.00	CNKSR1	ID_701	0.00	4.91	6.17	6.19	6.81
	1.00	CNKSR3	ID_702	0.00	3.91	5.62	6.13	6.44
	1.00	CNN3	ID_703	0.00	5.34	6.88	7.85	7.77
	1.00	COA4	ID_706	0.00	4.64	6.10	6.56	6.91
	1.00	COA7	ID_708	0.00	4.70	6.53	6.88	7.34
	1.00	COBL	ID_709	0.00	6.53	8.13	8.76	8.93
	1.00	COBLL1	ID_710	0.00	6.12	7.78	8.70	8.27
	1.00	COL12A1	ID_711	0.00	4.49	6.17	5.98	6.79
	1.00	COL1A1	ID_712	0.00	4.03	5.28	5.64	6.43
	1.00	COL21A1	ID_713	0.00	5.58	7.04	7.62	7.47
	1.00	COL6A1	ID_715	0.00	3.96	5.64	5.88	6.38
	1.00	COL8A1	ID_716	0.00	9.16	10.62	11.76	11.37
	1.00	CP	ID_728	0.00	2.83	4.25	4.01	4.32
	1.00	CPE	ID_729	0.00	9.60	11.24	11.88	11.95
	1.00	CPLANE2	ID_731	0.00	3.86	5.48	5.45	6.34
	1.00	CPLX1	ID_732	0.00	5.71	7.07	7.37	7.74
	1.00	CRABP2	ID_736	0.00	4.30	5.88	6.43	6.81
	1.00	CREB3L1	ID_739	0.00	4.91	6.25	6.89	7.13
	1.00	CSF2	ID_747	0.00	4.70	5.52	5.54	6.67
	1.00	CSKMT	ID_748	0.00	3.06	3.66	3.53	4.03
	1.00	CSPG4P10	ID_751	0.00	3.89	5.18	5.21	6.14
	1.00	CTAGE4	ID_756	0.00	5.13	6.69	6.67	6.84
	1.00	CTAGE8	ID_757	0.00	3.91	5.30	5.43	5.51
	1.00	CTDSPL	ID_758	0.00	3.33	4.88	5.49	5.43
	1.00	CTH	ID_759	0.00	8.46	10.26	10.98	11.07
	1.00	CTHRC1	ID_760	0.00	6.30	7.39	7.78	8.29
	1.00	CTNNAL1	ID_762	0.00	3.01	4.25	4.96	5.04
	1.00	CTNND1	ID_763	0.00	5.00	6.89	7.48	7.67
	1.00	CTPS1	ID_764	0.00	3.74	5.39	5.87	6.42
	1.00	CTSL	ID_767	0.00	8.22	9.89	10.28	10.54
	1.00	CTSV	ID_768	0.00	6.09	7.19	7.50	8.18
	1.00	CTTN	ID_769	0.00	6.37	8.07	8.46	8.90
	1.00	CXCL17	ID_775	0.00	7.71	9.65	10.03	10.71
	1.00	CXCL2	ID_776	0.00	7.43	7.91	7.99	8.03
	1.00	CXCL3	ID_777	0.00	5.41	6.18	6.08	6.54
	1.00	CXXC5	ID_779	0.00	3.15	4.79	4.88	5.42
	1.00	CYB5A	ID_780	0.00	5.06	6.55	6.90	7.42
	1.00	CYFIP1	ID_784	0.00	3.67	5.38	5.70	6.08
	1.00	CYP27B1	ID_786	0.00	4.48	5.14	6.02	6.64
	1.00	CYP2B7P	ID_787	0.00	5.56	7.44	7.29	7.69
	1.00	CYP4B1	ID_789	0.00	8.92	10.76	11.18	11.31
	1.00	DAB2IP	ID_793	0.00	4.81	6.64	6.85	7.24
	1.00	DAG1	ID_794	0.00	3.25	4.96	5.50	5.69
	1.00	DAGLA	ID_795	0.00	6.20	7.86	8.12	8.70
	1.00	DBF4	ID_799	0.00	3.74	4.50	4.93	4.83
	1.00	DBNDD1	ID_800	0.00	4.73	5.89	6.15	6.59
	1.00	DCAF13	ID_801	0.00	3.11	4.62	5.08	5.42
	1.00	DCBLD1	ID_803	0.00	3.94	5.85	6.44	6.56
	1.00	DCTN6	ID_807	0.00	2.05	2.90	3.13	3.47
	1.00	DCUN1D5	ID_809	0.00	3.21	4.29	4.79	5.18
	1.00	DDAH1	ID_810	0.00	8.69	10.35	11.31	11.29
	1.00	DDIAS	ID_812	0.00	1.93	2.81	3.11	3.35
	1.00	DDIT4	ID_813	0.00	2.83	3.44	3.69	3.75
	1.00	DDR1	ID_816	0.00	6.50	8.11	8.38	8.95
	1.00	DDR2	ID_817	0.00	3.03	3.92	3.95	3.99
	1.00	DDX10	ID_819	0.00	3.25	4.80	5.56	5.65
	1.00	DDX11L2	ID_821	0.00	2.49	4.25	4.03	4.56
	1.00	DDX21	ID_824	0.00	2.49	3.73	3.98	3.97
	1.00	DDX31	ID_826	0.00	2.80	4.15	4.50	4.71
	1.00	DDX43	ID_828	0.00	4.02	5.52	6.03	5.99
	1.00	DDX54	ID_830	0.00	3.37	4.70	5.21	5.53
	1.00	DECR2	ID_831	0.00	2.67	3.41	3.46	4.27
	1.00	DEPDC1B	ID_835	0.00	5.01	5.88	6.34	6.56
	1.00	DEPP1	ID_836	0.00	4.92	4.98	4.35	4.84
	1.00	DEPTOR	ID_837	0.00	5.82	7.85	8.00	8.23
	1.00	DHCR24	ID_841	0.00	7.43	9.14	9.47	9.91
	1.00	DHCR7	ID_842	0.00	5.40	6.91	7.46	7.87
	1.00	DHRS11	ID_843	0.00	4.57	6.05	6.41	6.94
	1.00	DHRS3	ID_845	0.00	3.20	4.80	4.93	5.30
	1.00	DHX32	ID_846	0.00	3.52	5.12	5.57	5.82
	1.00	DISP3	ID_850	0.00	4.67	6.76	6.79	6.82
	1.00	DLAT	ID_853	0.00	3.47	5.24	5.75	6.01
	1.00	DLC1	ID_854	0.00	5.57	7.08	8.11	7.85
	1.00	DLG3	ID_855	0.00	4.18	5.89	6.40	6.48
	1.00	DLG5	ID_856	0.00	2.77	4.25	4.68	4.81
	1.00	DLGAP5	ID_857	0.00	7.88	8.43	8.77	8.67
	1.00	DMKN	ID_860	0.00	5.63	7.01	7.53	8.10
	1.00	DNAH11	ID_863	0.00	4.25	5.75	6.52	6.32
	1.00	DNAH2	ID_864	0.00	6.74	7.86	8.17	9.56
	1.00	DNAH5	ID_865	0.00	7.33	9.41	9.73	9.95
	1.00	DNAJC6	ID_874	0.00	6.98	8.45	9.05	9.17
	1.00	DNMT3B	ID_877	0.00	3.48	5.22	5.56	5.74
	1.00	DNPH1	ID_878	0.00	4.42	5.96	5.82	6.87
	1.00	DOCK1	ID_880	0.00	7.57	9.38	9.82	9.96
	1.00	DOCK6	ID_881	0.00	3.00	4.35	4.44	4.92
	1.00	DOCK7	ID_882	0.00	3.65	5.43	6.05	6.03
	1.00	DOCK9	ID_883	0.00	3.12	4.69	5.36	5.20
	1.00	DOHH	ID_884	0.00	3.82	5.44	5.72	6.20
	1.00	DSCC1	ID_892	0.00	5.81	6.91	7.40	8.11
	1.00	DSG2	ID_893	0.00	8.61	10.36	10.92	11.08
	1.00	DSP	ID_894	0.00	4.72	6.34	7.19	7.08
	1.00	DST	ID_895	0.00	5.69	7.36	8.05	7.90
	1.00	DSTN	ID_896	0.00	4.21	5.82	6.33	6.77
	1.00	DTYMK	ID_898	0.00	3.71	4.57	4.65	5.41
	1.00	DUSP10	ID_900	0.00	3.93	5.24	6.00	6.12
	1.00	DUSP14	ID_901	0.00	5.67	7.09	7.54	7.98
	1.00	DUSP4	ID_902	0.00	4.66	6.43	6.73	6.99
	1.00	DUSP5	ID_903	0.00	3.78	4.87	5.22	5.25
	1.00	DVL1	ID_905	0.00	2.85	4.14	4.32	4.71
	1.00	DYRK4	ID_909	0.00	2.82	3.76	4.34	4.33
	1.00	E2F8	ID_913	0.00	4.17	5.45	6.33	6.49
	1.00	EARS2	ID_914	0.00	3.71	5.22	5.82	6.27
	1.00	EBNA1BP2	ID_917	0.00	3.92	5.24	5.70	6.08
	1.00	ECE2	ID_919	0.00	6.38	7.89	8.32	8.93
	1.00	ECT2	ID_923	0.00	3.21	3.87	4.38	4.43
	1.00	EDA	ID_924	0.00	3.70	4.49	4.67	6.23
	1.00	EDN1	ID_925	0.00	4.31	5.65	6.16	5.54
	1.00	EEF1AKMT1	ID_929	0.00	3.86	6.08	6.38	6.30
	1.00	EEF1DP3	ID_930	0.00	3.70	3.91	3.70	4.03
	1.00	EEF1E1	ID_931	0.00	3.60	4.81	4.61	5.93
	1.00	EFEMP1	ID_933	0.00	9.36	10.90	11.69	11.57
	1.00	EFNA1	ID_934	0.00	4.51	6.04	6.30	7.69
	1.00	EFNA3	ID_935	0.00	4.89	6.16	6.75	7.28
	1.00	EFNA5	ID_936	0.00	3.99	5.74	6.24	6.47
	1.00	EFNB2	ID_937	0.00	7.79	9.52	10.25	10.17
	1.00	EGFR	ID_938	0.00	7.35	9.26	10.04	9.96
	1.00	EHBP1	ID_939	0.00	2.95	4.49	5.14	4.91
	1.00	EHD2	ID_940	0.00	7.68	9.52	10.33	10.33
	1.00	EHHADH	ID_942	0.00	3.25	5.14	5.41	5.45
	1.00	EI24	ID_943	0.00	3.65	5.18	5.66	6.08
	1.00	EIF3CL	ID_952	0.00	3.45	5.40	5.00	5.69
	1.00	EIF3I	ID_955	0.00	2.90	4.17	4.52	4.91
	1.00	EIF4A1P10	ID_957	0.00	2.58	3.64	4.01	4.17
	1.00	EIF4EBP1	ID_958	0.00	3.67	5.08	5.59	6.04
	1.00	EIF5AP4	ID_961	0.00	2.37	3.27	3.68	4.02
	1.00	ELF3	ID_964	0.00	4.84	6.31	6.33	6.94
	1.00	EME1	ID_971	0.00	4.67	5.63	5.38	6.25
	1.00	EML6	ID_972	0.00	2.81	4.22	4.55	4.91
	1.00	EMP1	ID_973	0.00	8.54	10.26	10.95	11.40
	1.00	EMP2	ID_974	0.00	7.57	9.47	9.73	10.25
	1.00	ENAH	ID_975	0.00	7.15	8.75	9.60	9.52
	1.00	ENDOD1	ID_976	0.00	3.29	5.33	5.72	5.92
	1.00	ENOPH1	ID_978	0.00	3.18	4.64	5.02	5.41
	1.00	ENTPD6	ID_987	0.00	3.07	4.56	4.80	5.31
	1.00	EPB41L1	ID_990	0.00	8.04	9.83	10.15	10.34
	1.00	EPB41L4B	ID_992	0.00	7.28	9.06	9.60	9.97
	1.00	EPB41L5	ID_993	0.00	2.85	4.43	5.03	4.94
	1.00	EPCAM	ID_994	0.00	7.70	9.34	9.88	10.22
	1.00	EPDR1	ID_995	0.00	6.00	7.85	8.37	8.58
	1.00	EPHA10	ID_996	0.00	5.11	6.59	6.88	7.92
	1.00	EPHA2	ID_997	0.00	8.05	9.45	9.81	9.99
	1.00	EPHB2	ID_998	0.00	4.86	6.47	7.01	7.50
	1.00	EPHB3	ID_999	0.00	4.42	6.01	6.27	7.32
	1.00	EPHX3	ID_1001	0.00	5.46	6.70	7.05	7.71
	1.00	EPN3	ID_1002	0.00	5.46	6.55	6.86	7.91
	1.00	EPRS	ID_1004	0.00	3.93	5.67	6.22	6.27
	1.00	EPS8	ID_1005	0.00	7.78	9.47	10.10	9.95
	1.00	EPS8L1	ID_1006	0.00	5.56	7.04	7.11	7.76
	1.00	EPS8L2	ID_1007	0.00	4.95	6.25	6.26	6.93
	1.00	ERAL1	ID_1008	0.00	3.54	4.91	5.10	5.67
	1.00	ERBB2	ID_1009	0.00	3.99	5.75	5.96	6.45
	1.00	ERBB3	ID_1010	0.00	6.95	8.67	8.91	9.31
	1.00	EREG	ID_1011	0.00	5.76	7.43	8.30	8.21
	1.00	ERFE	ID_1012	0.00	7.41	8.61	9.12	9.55
	1.00	ERI3	ID_1014	0.00	3.63	4.99	5.44	6.08
	1.00	ERRFI1	ID_1017	0.00	8.23	9.86	10.70	10.41
	1.00	ESF1	ID_1019	0.00	3.36	5.08	5.95	5.73
	1.00	ESPL1	ID_1020	0.00	3.28	4.25	4.66	4.45
	1.00	ESRP2	ID_1022	0.00	5.32	7.10	7.26	7.62
	1.00	ETNK2	ID_1026	0.00	6.15	7.50	8.26	8.28
	1.00	ETV4	ID_1028	0.00	4.89	6.21	6.88	7.15
	1.00	ETV5	ID_1029	0.00	4.76	6.47	7.06	7.28
	1.00	EVPL	ID_1031	0.00	7.05	8.31	8.50	9.04
	1.00	EXO1	ID_1034	0.00	4.29	5.42	6.08	6.86
	1.00	EXOC6B	ID_1036	0.00	3.39	5.23	5.82	5.87
	1.00	EXPH5	ID_1038	0.00	5.94	8.12	8.52	8.67
	1.00	EZH2	ID_1042	0.00	2.48	3.74	4.15	4.11
	1.00	F3	ID_1044	0.00	8.54	10.53	11.47	11.21
	1.00	FA2H	ID_1045	0.00	4.58	6.30	6.57	6.76
	1.00	FADS1	ID_1046	0.00	3.83	5.50	6.08	6.46
	1.00	FAF1	ID_1048	0.00	2.87	4.26	4.63	4.89
	1.00	FAHD1	ID_1049	0.00	2.84	4.42	4.71	5.10
	1.00	FAIM	ID_1051	0.00	3.25	4.90	5.47	5.56
	1.00	FAM129B	ID_1056	0.00	6.44	7.83	8.13	8.57
	1.00	FAM160A1	ID_1060	0.00	4.78	6.69	7.36	7.27
	1.00	FAM167A	ID_1062	0.00	4.81	5.88	6.49	6.58
	1.00	FAM207A	ID_1067	0.00	3.24	4.51	5.00	5.15
	1.00	FAM229B	ID_1071	0.00	4.25	5.36	5.57	6.38
	1.00	FAM241B	ID_1073	0.00	3.27	4.60	4.48	5.65
	1.00	FAM3C	ID_1075	0.00	6.04	7.76	8.53	8.60
	1.00	FAM3C2	ID_1076	0.00	6.78	8.48	8.26	10.09
	1.00	FAM50B	ID_1077	0.00	3.51	5.04	5.01	5.48
	1.00	FAM57A	ID_1078	0.00	3.75	5.16	5.25	5.87
	1.00	FAM72B	ID_1079	0.00	3.00	3.48	3.73	4.19
	1.00	FAM83A	ID_1080	0.00	7.60	9.09	9.69	10.43
	1.00	FAM83D	ID_1083	0.00	6.14	7.33	7.55	8.23
	1.00	FAM83G	ID_1085	0.00	5.75	6.97	7.25	7.53
	1.00	FAM83H	ID_1086	0.00	5.87	7.45	7.79	8.22
	1.00	FAM84B	ID_1087	0.00	5.63	7.33	7.74	7.98
	1.00	FAM86C1	ID_1088	0.00	4.73	6.57	7.22	7.28
	1.00	FAM86DP	ID_1090	0.00	3.71	4.96	5.76	5.93
	1.00	FAM86EP	ID_1091	0.00	6.32	7.97	8.41	8.61
	1.00	FARSB	ID_1098	0.00	4.29	5.86	6.67	6.81
	1.00	FASN	ID_1099	0.00	5.68	7.33	7.51	7.93
	1.00	FAT1	ID_1102	0.00	8.92	10.71	11.35	11.68
	1.00	FBXL19-AS1	ID_1105	0.00	2.19	3.44	3.22	3.68
	1.00	FBXL2	ID_1106	0.00	3.94	5.29	5.55	5.90
	1.00	FBXO10	ID_1107	0.00	3.09	4.10	4.54	4.86
	1.00	FBXO2	ID_1108	0.00	4.60	5.50	5.77	6.75
	1.00	FBXO32	ID_1111	0.00	5.86	7.78	8.17	8.44
	1.00	FBXO36	ID_1112	0.00	3.48	4.43	5.34	5.52
	1.00	FEN1	ID_1117	0.00	3.46	4.60	4.96	5.73
	1.00	FER	ID_1118	0.00	2.82	4.06	4.71	4.75
	1.00	FERMT2	ID_1120	0.00	7.95	9.88	10.46	10.39
	1.00	FGD6	ID_1123	0.00	5.07	6.55	7.26	7.17
	1.00	FGFBP1	ID_1125	0.00	5.21	6.75	7.71	8.48
	1.00	FGFRL1	ID_1126	0.00	3.30	4.82	5.35	5.61
	1.00	FHL2	ID_1128	0.00	4.05	5.73	6.01	6.85
	1.00	FIGN	ID_1130	0.00	5.54	7.35	7.87	7.77
	1.00	FKBP7	ID_1138	0.00	3.38	4.74	5.15	5.86
	1.00	FLNB	ID_1140	0.00	5.20	6.79	7.53	7.50
	1.00	FLYWCH2	ID_1142	0.00	2.65	3.92	4.08	4.53
	1.00	FMN1	ID_1143	0.00	3.74	5.45	6.15	5.89
	1.00	FN1	ID_1144	0.00	7.68	9.42	10.37	10.49
	1.00	FNBP1L	ID_1145	0.00	4.96	6.82	7.60	7.32
	1.00	FOSL1	ID_1148	0.00	8.61	9.24	9.34	9.29
	1.00	FOXA1	ID_1149	0.00	8.04	9.74	10.04	10.75
	1.00	FOXC1	ID_1150	0.00	3.41	5.25	5.58	5.71
	1.00	FOXM1	ID_1153	0.00	5.63	6.27	6.84	6.64
	1.00	FOXP4	ID_1156	0.00	4.60	6.23	6.75	6.68
	1.00	FOXQ1	ID_1157	0.00	6.31	7.80	8.58	8.58
	1.00	FOXRED2	ID_1158	0.00	4.41	6.19	6.43	6.96
	1.00	FRAS1	ID_1159	0.00	6.85	9.13	9.53	9.74
	1.00	FRK	ID_1161	0.00	5.38	7.36	7.66	8.36
	1.00	FRMD6	ID_1163	0.00	4.70	6.25	6.39	6.93
	1.00	FSIP2	ID_1165	0.00	5.26	6.87	7.30	7.61
	1.00	FSTL3	ID_1166	0.00	5.88	7.39	7.79	8.06
	1.00	FUCA1	ID_1171	0.00	3.10	4.91	5.03	5.53
	1.00	FUNDC2	ID_1173	0.00	2.66	3.74	3.93	4.54
	1.00	FUT1	ID_1174	0.00	5.86	7.87	7.90	8.41
	1.00	FUT2	ID_1175	0.00	7.37	9.22	9.23	9.70
	1.00	FUT3	ID_1176	0.00	8.19	9.85	10.34	10.65
	1.00	FUT8	ID_1178	0.00	4.71	6.47	7.21	7.15
	1.00	FZD1	ID_1180	0.00	5.29	6.94	7.71	7.75
	1.00	FZD2	ID_1181	0.00	3.81	4.32	4.58	4.98
	1.00	FZD6	ID_1184	0.00	6.38	8.16	8.71	8.81
	1.00	FZD7	ID_1185	0.00	3.37	4.47	4.98	5.20
	1.00	G6PC3	ID_1186	0.00	3.54	4.93	5.25	5.96
	1.00	GABRB3	ID_1188	0.00	6.04	8.02	8.55	8.72
	1.00	GABRE	ID_1189	0.00	5.88	7.35	7.04	8.02
	1.00	GADD45A	ID_1191	0.00	3.11	4.53	4.91	5.04
	1.00	GADD45GIP1	ID_1192	0.00	3.86	4.99	5.20	5.96
	1.00	GALE	ID_1193	0.00	3.23	4.84	4.94	5.54
	1.00	GAREM1	ID_1199	0.00	4.04	5.86	6.57	6.51
	1.00	GART	ID_1201	0.00	3.47	5.17	5.81	5.90
	1.00	GAS2L1	ID_1202	0.00	3.06	4.19	4.49	4.92
	1.00	GAS2L3	ID_1203	0.00	7.13	7.66	8.29	8.31
	1.00	GAS5	ID_1204	0.00	2.66	3.84	4.06	4.66
	1.00	GCAT	ID_1207	0.00	6.56	7.84	8.17	8.97
	1.00	GCNT3	ID_1212	0.00	4.87	6.94	6.91	7.54
	1.00	GDF15	ID_1213	0.00	5.25	6.96	7.23	7.41
	1.00	GFPT1	ID_1220	0.00	4.95	6.66	7.24	7.40
	1.00	GGH	ID_1221	0.00	2.90	3.99	4.45	4.73
	1.00	GINS1	ID_1224	0.00	4.15	5.79	6.11	6.93
	1.00	GINS2	ID_1225	0.00	4.67	6.88	7.32	7.91
	1.00	GINS3	ID_1226	0.00	4.09	5.64	5.85	6.72
	1.00	GIPC1	ID_1227	0.00	5.77	7.23	7.49	7.91
	1.00	GJB3	ID_1228	0.00	4.38	5.59	6.30	6.51
	1.00	GLB1L2	ID_1230	0.00	6.84	8.46	8.76	9.36
	1.00	GLCE	ID_1231	0.00	3.30	5.00	5.34	5.61
	1.00	GLO1	ID_1233	0.00	4.14	5.67	6.10	6.59
	1.00	GNA11	ID_1239	0.00	6.89	8.43	8.71	9.14
	1.00	GNG12	ID_1243	0.00	7.71	9.50	10.24	10.41
	1.00	GNL1	ID_1244	0.00	1.57	2.24	2.23	2.65
	1.00	GNL2	ID_1245	0.00	2.94	4.37	4.89	5.08
	1.00	GNPNAT1	ID_1248	0.00	4.89	6.23	7.18	7.47
	1.00	GOLGA2P10	ID_1249	0.00	3.57	5.01	5.10	5.50
	1.00	GOLGA6L9	ID_1250	0.00	3.12	4.47	4.24	4.83
	1.00	GOLM1	ID_1251	0.00	5.35	7.04	7.45	7.88
	1.00	GOLT1A	ID_1252	0.00	5.51	6.67	7.27	7.61
	1.00	GORAB	ID_1254	0.00	2.46	3.68	4.00	4.03
	1.00	GORASP2	ID_1255	0.00	3.11	4.56	5.29	5.38
	1.00	GOT1	ID_1257	0.00	4.88	6.22	6.69	6.93
	1.00	GOT2	ID_1258	0.00	3.58	5.11	5.60	6.01
	1.00	GPAM	ID_1259	0.00	3.34	5.24	5.61	5.69
	1.00	GPATCH4	ID_1261	0.00	3.45	5.10	5.83	5.97
	1.00	GPC1	ID_1262	0.00	6.65	8.28	8.75	9.12
	1.00	GPC4	ID_1263	0.00	3.51	5.11	5.62	6.04
	1.00	GPC6	ID_1264	0.00	4.66	5.74	6.69	7.07
	1.00	GPHN	ID_1266	0.00	3.80	5.48	6.14	6.26
	1.00	GPR1	ID_1269	0.00	7.56	9.46	9.99	9.86
	1.00	GPR153	ID_1270	0.00	4.97	6.79	7.07	7.38
	1.00	GPR87	ID_1275	0.00	4.87	6.54	7.13	7.77
	1.00	GPRASP2	ID_1277	0.00	3.91	4.97	5.30	5.91
	1.00	GPRC5A	ID_1278	0.00	9.56	11.15	11.77	12.16
	1.00	GPRC5C	ID_1279	0.00	3.56	5.07	4.27	5.55
	1.00	GPSM1	ID_1280	0.00	3.64	5.02	5.01	5.61
	1.00	GPT2	ID_1281	0.00	6.56	8.30	8.51	9.07
	1.00	GPX3	ID_1282	0.00	3.29	4.42	4.93	5.15
	1.00	GRAMD2B	ID_1286	0.00	5.40	7.07	7.79	8.09
	1.00	GRHL1	ID_1291	0.00	4.89	6.70	6.94	7.20
	1.00	GRHL2	ID_1292	0.00	8.13	9.96	10.36	10.62
	1.00	GRHL3	ID_1293	0.00	5.45	6.84	7.39	7.59
	1.00	GRPEL1	ID_1298	0.00	2.32	3.52	3.82	4.05
	1.00	GRTP1	ID_1300	0.00	3.35	4.87	4.94	5.56
	1.00	GSTA4	ID_1304	0.00	3.58	5.47	5.97	6.04
	1.00	GSTCD	ID_1305	0.00	3.69	5.14	5.78	6.09
	1.00	GTF2IRD1	ID_1310	0.00	6.13	7.75	8.04	8.22
	1.00	GTSE1	ID_1314	0.00	5.29	5.62	5.92	5.98
	1.00	GULP1	ID_1316	0.00	6.71	8.57	8.89	9.42
	1.00	H1F0	ID_1318	0.00	3.86	5.22	5.85	5.76
	1.00	H2AFX	ID_1319	0.00	3.71	4.35	4.32	4.93
	1.00	HABP4	ID_1320	0.00	2.45	3.67	4.03	4.19
	1.00	HACE1	ID_1323	0.00	2.54	3.39	3.45	4.10
	1.00	HADH	ID_1324	0.00	3.11	4.65	5.05	5.40
	1.00	HBEGF	ID_1327	0.00	4.12	5.04	5.78	5.56
	1.00	HCAR1	ID_1328	0.00	6.14	7.98	8.33	8.59
	1.00	HCG4B	ID_1330	0.00	3.87	4.57	4.60	5.12
	1.00	HECTD2	ID_1335	0.00	4.60	6.56	6.88	6.78
	1.00	HES1	ID_1336	0.00	4.25	5.53	5.57	6.14
	1.00	HID1	ID_1343	0.00	4.07	5.63	5.82	6.42
	1.00	HINT2	ID_1345	0.00	3.40	5.00	4.99	5.75
	1.00	HIST1H2AE	ID_1347	0.00	3.58	3.86	3.70	4.46
	1.00	HLA-K	ID_1349	0.00	5.59	6.91	6.93	7.62
	1.00	HLA-V	ID_1350	0.00	3.96	5.20	5.81	6.09
	1.00	HMBS	ID_1353	0.00	3.15	4.45	4.81	5.46
	1.00	HMGA1	ID_1354	0.00	4.60	6.11	6.98	7.39
	1.00	HMGA1P3	ID_1355	0.00	3.58	5.21	5.70	6.00
	1.00	HMGB3	ID_1357	0.00	7.88	9.31	10.00	10.02
	1.00	HMGN3-AS1	ID_1359	0.00	4.75	5.78	7.09	7.02
	1.00	HMMR	ID_1361	0.00	7.12	7.82	8.07	7.87
	1.00	HNF4G	ID_1362	0.00	4.79	6.34	6.93	7.46
	1.00	HNMT	ID_1363	0.00	3.76	5.01	5.54	5.47
	1.00	HNRNPA1P27	ID_1364	0.00	4.98	6.55	7.23	7.29
	1.00	HOMER1	ID_1366	0.00	3.69	4.81	5.68	5.72
	1.00	HOOK1	ID_1367	0.00	4.01	5.92	6.42	6.54
	1.00	HOOK2	ID_1368	0.00	1.86	2.87	2.87	3.35
	1.00	HOPX	ID_1369	0.00	5.71	7.10	7.36	7.85
	1.00	HRAS	ID_1374	0.00	2.60	3.68	3.76	4.31
	1.00	HRASLS2	ID_1375	0.00	5.49	7.08	7.23	7.15
	1.00	HRH1	ID_1377	0.00	6.47	8.28	9.23	9.60
	1.00	HS3ST1	ID_1378	0.00	4.77	6.34	6.39	6.85
	1.00	HS6ST2	ID_1379	0.00	8.64	10.33	10.98	11.36
	1.00	HSBP1L1	ID_1381	0.00	3.49	4.52	4.48	5.68
	1.00	HSD11B1	ID_1382	0.00	4.39	6.30	7.18	7.54
	1.00	HSD17B6	ID_1385	0.00	4.64	6.11	6.29	6.79
	1.00	HSP90AB3P	ID_1390	0.00	3.91	5.41	6.29	6.23
	1.00	HSPA4L	ID_1393	0.00	6.75	8.16	8.45	8.69
	1.00	HSPA9	ID_1394	0.00	3.58	5.13	5.59	5.80
	1.00	HSPB1	ID_1395	0.00	4.91	6.11	6.18	6.73
	1.00	HSPBP1	ID_1397	0.00	3.00	4.35	4.74	5.13
	1.00	HSPE1	ID_1399	0.00	3.16	4.97	4.48	5.70
	1.00	HSPG2	ID_1400	0.00	7.74	9.33	9.84	9.93
	1.00	HTR3A	ID_1402	0.00	6.38	7.75	7.92	8.28
	1.00	HYLS1	ID_1403	0.00	2.61	3.50	3.76	4.27
	1.00	IARS	ID_1405	0.00	4.31	6.10	6.49	6.66
	1.00	ICAM5	ID_1408	0.00	3.39	4.13	4.43	4.98
	1.00	ICMT	ID_1409	0.00	3.52	5.22	5.63	6.00
	1.00	ID1	ID_1410	0.00	4.52	5.48	5.64	6.14
	1.00	IFRD2	ID_1414	0.00	3.36	4.75	5.01	5.67
	1.00	IFT140	ID_1415	0.00	2.75	4.15	4.24	4.74
	1.00	IFT22	ID_1416	0.00	5.68	7.02	7.51	7.98
	1.00	IGF2BP2	ID_1418	0.00	5.73	7.44	8.28	8.22
	1.00	IGFBP4	ID_1419	0.00	6.30	7.82	8.19	8.78
	1.00	IGSF9	ID_1423	0.00	3.99	5.33	5.56	6.18
	1.00	IL17C	ID_1424	0.00	5.58	6.60	6.46	6.67
	1.00	IL17RC	ID_1425	0.00	5.28	6.80	7.03	7.43
	1.00	IL17RD	ID_1426	0.00	6.69	7.93	8.67	9.12
	1.00	IL20RB	ID_1428	0.00	7.12	8.93	9.49	9.48
	1.00	IL23A	ID_1430	0.00	2.42	3.46	3.62	3.39
	1.00	ILF2	ID_1436	0.00	3.09	4.32	4.89	5.12
	1.00	IMMP2L	ID_1439	0.00	4.55	6.19	6.69	6.92
	1.00	INAVA	ID_1443	0.00	7.72	9.10	9.53	9.81
	1.00	INF2	ID_1444	0.00	2.89	4.37	4.61	5.11
	1.00	INTU	ID_1447	0.00	4.82	6.40	6.16	6.90
	1.00	IQANK1	ID_1452	0.00	7.02	8.93	9.25	9.80
	1.00	IQCD	ID_1453	0.00	5.49	7.51	7.56	8.46
	1.00	IQGAP3	ID_1457	0.00	6.45	7.25	7.55	7.78
	1.00	IRF6	ID_1458	0.00	6.74	8.28	8.75	9.19
	1.00	IRS1	ID_1459	0.00	6.51	8.07	8.72	8.88
	1.00	ISOC2	ID_1463	0.00	3.56	4.77	5.01	5.86
	1.00	ITGA2	ID_1464	0.00	4.27	5.92	6.58	7.10
	1.00	ITGA3	ID_1465	0.00	8.38	9.91	10.41	10.83
	1.00	ITGB4	ID_1468	0.00	3.70	4.89	5.47	5.65
	1.00	ITGB5	ID_1469	0.00	5.39	6.82	7.30	7.81
	1.00	ITM2C	ID_1471	0.00	3.15	4.59	5.13	5.40
	1.00	ITPKA	ID_1472	0.00	6.53	7.95	8.41	8.93
	1.00	ITPR3	ID_1473	0.00	4.02	5.60	5.95	6.15
	1.00	ITPRIPL2	ID_1475	0.00	4.26	6.00	6.50	6.89
	1.00	IVL	ID_1476	0.00	8.82	10.70	11.45	11.67
	1.00	JADE3	ID_1478	0.00	5.47	7.23	7.92	8.03
	1.00	JAG2	ID_1479	0.00	6.75	8.16	8.20	8.73
	1.00	JMJD4	ID_1481	0.00	3.26	4.32	4.47	4.99
	1.00	JPH1	ID_1482	0.00	6.48	8.13	8.91	9.11
	1.00	JPT2	ID_1483	0.00	4.29	5.93	6.31	6.80
	1.00	JUP	ID_1484	0.00	4.98	6.50	7.03	7.34
	1.00	KANK2	ID_1485	0.00	6.35	8.20	8.75	8.77
	1.00	KAZALD1	ID_1486	0.00	5.98	7.63	8.00	8.36
	1.00	KCNJ14	ID_1488	0.00	4.04	4.70	5.51	6.10
	1.00	KCNK5	ID_1490	0.00	5.77	7.14	7.51	7.89
	1.00	KCNMB4	ID_1492	0.00	4.56	5.69	6.30	6.39
	1.00	KCNQ3	ID_1493	0.00	5.57	7.56	8.03	8.30
	1.00	KCTD3	ID_1496	0.00	5.43	7.13	7.64	7.85
	1.00	KDF1	ID_1500	0.00	5.54	7.05	7.47	7.85
	1.00	KDR	ID_1502	0.00	7.52	9.49	9.83	10.20
	1.00	KHDRBS3	ID_1504	0.00	4.87	6.07	6.43	6.93
	1.00	KIAA1217	ID_1505	0.00	5.70	7.50	8.34	8.58
	1.00	KIAA1522	ID_1506	0.00	7.26	8.96	9.42	9.59
	1.00	KIAA1549	ID_1507	0.00	3.39	4.91	5.56	5.69
	1.00	KIAA1671	ID_1508	0.00	4.17	5.96	6.46	6.41
	1.00	KIF11	ID_1509	0.00	3.76	4.87	5.46	5.74
	1.00	KIF14	ID_1510	0.00	4.94	5.54	6.15	6.10
	1.00	KIF15	ID_1511	0.00	4.97	5.69	6.83	6.55
	1.00	KIF18A	ID_1512	0.00	4.45	5.50	6.24	6.27
	1.00	KIF23	ID_1516	0.00	3.49	4.44	4.79	4.90
	1.00	KIF24	ID_1517	0.00	1.95	2.70	2.66	3.17
	1.00	KIF26B	ID_1518	0.00	5.29	7.18	7.71	8.67
	1.00	KIF2C	ID_1519	0.00	7.88	8.98	9.66	10.02
	1.00	KIF4A	ID_1520	0.00	9.94	10.56	10.98	10.76
	1.00	KIFC1	ID_1521	0.00	5.42	6.22	6.31	6.66
	1.00	KIFC3	ID_1522	0.00	3.41	4.73	4.99	5.41
	1.00	KITLG	ID_1524	0.00	5.44	7.32	7.43	8.13
	1.00	KLC2	ID_1525	0.00	3.42	4.78	5.05	5.52
	1.00	KLF10	ID_1527	0.00	3.22	4.30	4.64	4.36
	1.00	KLF11	ID_1528	0.00	2.25	2.98	3.38	3.50
	1.00	KLF4	ID_1529	0.00	2.30	3.23	3.61	3.70
	1.00	KLF9	ID_1531	0.00	3.07	4.64	5.50	5.27
	1.00	KLHL23	ID_1532	0.00	5.15	7.04	7.47	7.63
	1.00	KLHL29	ID_1534	0.00	4.37	6.11	6.62	6.67
	1.00	KNL1	ID_1538	0.00	4.30	5.35	5.88	6.08
	1.00	KPNA2	ID_1540	0.00	4.25	5.63	6.21	6.64
	1.00	KRT15	ID_1542	0.00	7.40	9.03	8.99	9.64
	1.00	KRT16P2	ID_1544	0.00	6.47	8.13	8.10	10.15
	1.00	KRT18	ID_1546	0.00	7.65	9.17	9.48	10.24
	1.00	KRT19	ID_1547	0.00	8.00	9.51	9.87	10.51
	1.00	KRT6A	ID_1550	0.00	8.88	10.49	11.11	11.17
	1.00	KRT7	ID_1552	0.00	8.61	10.20	10.46	11.07
	1.00	KRT8	ID_1555	0.00	8.65	10.14	10.57	11.07
	1.00	KRT80	ID_1556	0.00	8.63	10.42	10.90	11.07
	1.00	KRT81	ID_1557	0.00	8.72	10.55	10.95	11.45
	1.00	KRT8P3	ID_1559	0.00	5.91	7.58	8.37	8.34
	1.00	KTN1-AS1	ID_1560	0.00	3.70	5.97	5.94	6.45
	1.00	L2HGDH	ID_1561	0.00	3.24	4.88	5.00	5.59
	1.00	LACTB2	ID_1562	0.00	3.09	4.71	5.37	5.42
	1.00	LAD1	ID_1563	0.00	7.04	8.62	9.00	9.43
	1.00	LAGE3	ID_1564	0.00	4.86	6.17	6.31	7.03
	1.00	LAMA3	ID_1565	0.00	7.34	9.14	9.84	9.83
	1.00	LAMA5	ID_1566	0.00	7.13	8.56	8.47	9.00
	1.00	LAMB2	ID_1567	0.00	7.03	8.57	8.97	9.41
	1.00	LAMB3	ID_1568	0.00	7.75	9.40	9.93	10.17
	1.00	LAMC1	ID_1569	0.00	6.64	8.38	9.18	9.24
	1.00	LAMC2	ID_1570	0.00	8.82	10.42	10.97	11.37
	1.00	LAPTM4B	ID_1571	0.00	4.85	6.55	6.93	7.73
	1.00	LARP1B	ID_1572	0.00	3.60	5.05	5.91	5.83
	1.00	LBX2-AS1	ID_1576	0.00	3.46	4.39	4.93	5.34
	1.00	LCN2	ID_1579	0.00	5.39	7.07	7.60	7.87
	1.00	LDAH	ID_1580	0.00	3.15	4.96	5.46	5.53
	1.00	LDLR	ID_1584	0.00	5.01	6.70	7.33	7.55
	1.00	LDOC1	ID_1585	0.00	5.86	7.40	8.01	8.21
	1.00	LENG9	ID_1587	0.00	4.67	5.97	6.53	6.51
	1.00	LETM1	ID_1588	0.00	2.89	4.46	4.61	5.15
	1.00	LGALS1	ID_1589	0.00	2.40	2.62	3.15	3.48
	1.00	LGALS3	ID_1590	0.00	4.81	6.32	6.80	7.19
	1.00	LGMN	ID_1592	0.00	4.66	6.29	6.63	7.18
	1.00	LGR4	ID_1593	0.00	6.58	8.50	9.08	9.11
	1.00	LIF	ID_1594	0.00	4.59	6.01	6.25	7.09
	1.00	LIFR	ID_1595	0.00	6.11	8.07	8.56	9.05
	1.00	LIMA1	ID_1596	0.00	3.08	4.79	5.26	5.48
	1.00	LIMCH1	ID_1597	0.00	7.63	9.40	10.08	10.15
	1.00	LINC00511	ID_1603	0.00	5.00	6.86	6.98	7.82
	1.00	LINC00662	ID_1605	0.00	4.18	5.84	6.25	6.50
	1.00	LINC00665	ID_1606	0.00	4.76	6.33	6.97	7.35
	1.00	LINC00880	ID_1608	0.00	3.58	3.64	4.70	5.41
	1.00	LINC00888	ID_1609	0.00	4.78	6.77	7.09	7.41
	1.00	LINC00944	ID_1610	0.00	3.35	3.66	4.26	4.35
	1.00	LINC00997	ID_1612	0.00	3.64	5.66	5.99	5.86
	1.00	LINC01006	ID_1613	0.00	3.94	5.20	5.54	6.00
	1.00	LINC01106	ID_1614	0.00	6.02	7.73	8.41	8.67
	1.00	LINC01226	ID_1620	0.00	4.95	6.63	6.30	7.58
	1.00	LINC01426	ID_1622	0.00	5.89	7.60	8.07	8.24
	1.00	LINC01806	ID_1627	0.00	4.73	5.82	6.38	6.98
	1.00	LINC02615	ID_1637	0.00	3.29	4.36	4.15	4.58
	1.00	LIPH	ID_1638	0.00	7.07	8.75	9.42	9.69
	1.00	LLGL2	ID_1639	0.00	3.26	4.63	4.56	5.03
	1.00	LMNA	ID_1642	0.00	5.71	6.99	7.31	7.94
	1.00	LMNB2	ID_1643	0.00	3.80	5.08	5.49	5.88
	1.00	LMO7	ID_1645	0.00	5.71	7.39	8.02	7.93
	1.00	LNP1	ID_1646	0.00	3.81	4.75	5.21	5.21
	1.00	LNX1	ID_1647	0.00	3.58	4.74	5.16	5.25
	1.00	LONP1	ID_1648	0.00	3.03	4.70	4.85	5.21
	1.00	LPIN3	ID_1649	0.00	4.95	6.25	6.41	7.45
	1.00	LRFN4	ID_1650	0.00	3.81	5.33	5.55	5.69
	1.00	LRP11	ID_1653	0.00	4.94	6.51	6.81	7.23
	1.00	LRP5	ID_1656	0.00	8.61	10.32	10.57	10.98
	1.00	LRPPRC	ID_1659	0.00	3.59	5.51	5.86	6.22
	1.00	LRRC1	ID_1660	0.00	6.26	7.73	8.42	8.38
	1.00	LRRC20	ID_1661	0.00	3.66	5.18	5.37	6.03
	1.00	LRRFIP1P1	ID_1665	0.00	4.04	5.54	6.08	6.05
	1.00	LSM4	ID_1667	0.00	2.77	4.09	4.24	4.90
	1.00	LSR	ID_1669	0.00	3.85	5.17	5.64	6.03
	1.00	LTV1	ID_1673	0.00	2.65	3.94	4.40	4.66
	1.00	LURAP1L	ID_1675	0.00	5.26	6.98	7.81	7.89
	1.00	LY6K	ID_1677	0.00	6.31	7.54	8.24	8.70
	1.00	LZTS3	ID_1680	0.00	2.52	3.81	3.75	4.23
	1.00	MAB21L4	ID_1681	0.00	8.68	10.46	10.51	10.56
	1.00	MACC1	ID_1682	0.00	7.04	8.95	9.59	10.11
	1.00	MACROD1	ID_1683	0.00	4.75	5.83	6.47	6.82
	1.00	MAD2L1	ID_1684	0.00	5.35	5.95	6.26	6.75
	1.00	MAGEF1	ID_1689	0.00	3.51	5.01	5.28	5.64
	1.00	MAGI1	ID_1690	0.00	7.77	9.25	9.81	9.97
	1.00	MAGIX	ID_1693	0.00	2.27	3.36	3.37	3.93
	1.00	MAGOHB	ID_1694	0.00	3.15	4.68	5.18	5.45
	1.00	MAL2	ID_1695	0.00	7.96	9.70	10.37	10.62
	1.00	MALL	ID_1697	0.00	6.43	8.50	8.99	9.03
	1.00	MAN1B1-DT	ID_1698	0.00	3.09	4.32	4.70	4.90
	1.00	MAOA	ID_1700	0.00	7.13	8.83	9.48	9.44
	1.00	MAP1B	ID_1701	0.00	7.51	9.29	10.08	9.61
	1.00	MAP3K9	ID_1706	0.00	5.49	6.95	7.37	7.54
	1.00	MAP4K3	ID_1708	0.00	3.56	5.16	5.69	5.62
	1.00	MAP4K3-DT	ID_1709	0.00	5.30	6.64	7.55	7.51
	1.00	MARVELD1	ID_1716	0.00	2.56	3.95	4.06	4.55
	1.00	MAST2	ID_1720	0.00	2.71	4.03	4.27	4.30
	1.00	MBIP	ID_1722	0.00	3.02	4.63	5.15	5.08
	1.00	MCAT	ID_1725	0.00	2.77	3.24	3.21	3.88
	1.00	MCCC1	ID_1726	0.00	2.95	4.35	4.66	4.85
	1.00	MCCC2	ID_1727	0.00	2.90	4.43	4.77	5.04
	1.00	MCM10	ID_1730	0.00	4.67	6.62	6.77	7.51
	1.00	MCM4	ID_1733	0.00	4.52	6.05	6.52	7.20
	1.00	MCTS2P	ID_1736	0.00	3.10	3.70	4.07	4.45
	1.00	MCUR1	ID_1737	0.00	3.90	5.52	6.03	6.22
	1.00	MDK	ID_1741	0.00	3.45	4.86	4.83	5.61
	1.00	ME1	ID_1742	0.00	5.60	7.07	7.69	8.51
	1.00	MECOM	ID_1744	0.00	4.49	6.41	6.72	7.14
	1.00	MECR	ID_1745	0.00	4.02	5.34	5.64	6.16
	1.00	MELTF	ID_1750	0.00	6.37	7.87	8.35	9.21
	1.00	MERTK	ID_1751	0.00	5.02	6.82	7.32	7.45
	1.00	MEST	ID_1753	0.00	3.44	4.94	5.17	5.89
	1.00	MET	ID_1754	0.00	8.48	10.30	10.82	10.86
	1.00	METAP2	ID_1757	0.00	3.38	5.00	5.61	5.68
	1.00	METRN	ID_1758	0.00	3.00	4.17	3.94	4.90
	1.00	METTL1	ID_1759	0.00	4.33	5.83	6.01	7.03
	1.00	METTL2A	ID_1762	0.00	3.23	4.53	5.10	5.33
	1.00	MGLL	ID_1771	0.00	5.56	7.17	7.74	7.86
	1.00	MGST1	ID_1773	0.00	6.82	8.49	9.05	9.14
	1.00	MICAL3	ID_1774	0.00	2.59	3.96	4.41	4.57
	1.00	MID2	ID_1776	0.00	4.20	5.57	6.23	6.30
	1.00	MIPOL1	ID_1779	0.00	7.67	9.67	10.62	10.48
	1.00	MIR4458HG	ID_1781	0.00	3.09	3.46	4.66	4.49
	1.00	MITF	ID_1784	0.00	4.77	6.18	7.26	6.95
	1.00	MKI67	ID_1785	0.00	6.16	6.86	7.69	7.38
	1.00	MLF1	ID_1787	0.00	4.48	5.90	6.25	6.70
	1.00	MLPH	ID_1788	0.00	6.59	8.55	8.43	9.25
	1.00	MMAA	ID_1789	0.00	3.87	5.53	6.14	6.49
	1.00	MMAB	ID_1790	0.00	3.94	5.52	5.90	6.48
	1.00	MMACHC	ID_1791	0.00	3.51	4.80	5.49	5.86
	1.00	MMP15	ID_1793	0.00	7.95	9.85	10.09	10.67
	1.00	MMP17	ID_1794	0.00	3.52	4.55	5.19	5.42
	1.00	MNAT1	ID_1796	0.00	3.78	5.05	5.83	5.74
	1.00	MOCOS	ID_1802	0.00	6.76	8.60	8.99	9.40
	1.00	MORC4	ID_1804	0.00	3.80	5.53	5.98	6.26
	1.00	MORF4L2	ID_1805	0.00	2.24	3.13	3.30	3.54
	1.00	MORN2	ID_1806	0.00	4.81	6.77	6.88	7.48
	1.00	MORN4	ID_1807	0.00	3.91	6.22	6.49	7.03
	1.00	MPP3	ID_1809	0.00	6.03	7.48	7.46	7.92
	1.00	MRPL1	ID_1813	0.00	3.71	5.19	5.62	5.81
	1.00	MRPL11	ID_1814	0.00	3.94	5.23	5.63	6.09
	1.00	MRPL13	ID_1815	0.00	4.40	5.83	6.19	6.57
	1.00	MRPL14	ID_1816	0.00	5.10	6.45	6.70	7.44
	1.00	MRPL15	ID_1817	0.00	4.52	6.10	6.52	6.99
	1.00	MRPL19	ID_1820	0.00	3.52	4.87	5.38	5.78
	1.00	MRPL21	ID_1822	0.00	2.83	4.09	4.15	4.94
	1.00	MRPL3	ID_1825	0.00	4.51	6.12	6.80	6.95
	1.00	MRPL37	ID_1827	0.00	3.52	4.88	5.31	5.69
	1.00	MRPL39	ID_1828	0.00	3.16	4.61	4.96	5.33
	1.00	MRPL45	ID_1832	0.00	3.35	4.96	5.57	5.78
	1.00	MRPL45P2	ID_1833	0.00	6.38	7.45	8.04	8.51
	1.00	MRPL48	ID_1835	0.00	3.54	5.24	5.58	5.99
	1.00	MRPS17	ID_1841	0.00	3.86	5.46	5.67	6.76
	1.00	MRPS18B	ID_1842	0.00	3.86	5.49	5.93	6.44
	1.00	MRPS33	ID_1848	0.00	3.30	4.81	5.20	5.44
	1.00	MRPS35	ID_1849	0.00	3.91	5.47	5.88	6.28
	1.00	MRPS7	ID_1850	0.00	3.80	5.27	5.60	6.13
	1.00	MRTFB	ID_1853	0.00	3.60	5.45	6.03	6.04
	1.00	MRTO4	ID_1854	0.00	4.02	5.52	5.92	6.45
	1.00	MSMO1	ID_1859	0.00	4.72	6.43	7.22	7.43
	1.00	MST1R	ID_1860	0.00	6.89	8.57	8.77	9.37
	1.00	MT1X	ID_1863	0.00	7.24	8.97	9.52	9.83
	1.00	MT2A	ID_1864	0.00	3.74	4.89	5.24	5.62
	1.00	MTBP	ID_1867	0.00	3.39	4.84	5.15	5.79
	1.00	MTERF3	ID_1869	0.00	2.74	4.29	4.48	4.84
	1.00	MTFP1	ID_1870	0.00	3.91	4.09	5.70	5.86
	1.00	MTHFD1	ID_1871	0.00	4.45	6.12	6.61	7.01
	1.00	MTHFD1L	ID_1872	0.00	6.12	7.78	8.20	8.48
	1.00	MTHFD2	ID_1873	0.00	3.90	5.53	6.04	6.38
	1.00	MTND4P12	ID_1875	0.00	3.57	4.97	5.38	5.40
	1.00	MTSS1L	ID_1878	0.00	6.98	8.24	8.59	8.61
	1.00	MTUS1	ID_1879	0.00	4.04	5.87	6.36	6.47
	1.00	MTX2	ID_1880	0.00	4.12	5.59	5.91	6.28
	1.00	MUC1	ID_1881	0.00	6.94	8.71	9.69	9.60
	1.00	MUC16	ID_1883	0.00	7.86	9.71	10.64	9.73
	1.00	MUC20	ID_1884	0.00	5.43	7.10	7.35	7.84
	1.00	MUC21	ID_1885	0.00	8.91	10.69	11.76	11.21
	1.00	MUC4	ID_1887	0.00	7.94	9.57	10.57	10.68
	1.00	MVK	ID_1889	0.00	3.93	5.31	5.52	6.00
	1.00	MYBL2	ID_1893	0.00	4.44	5.88	6.41	7.17
	1.00	MYDGF	ID_1896	0.00	3.33	4.67	4.79	5.64
	1.00	MYEOV	ID_1897	0.00	6.68	7.99	8.73	9.21
	1.00	MYH14	ID_1898	0.00	7.61	9.19	9.50	9.67
	1.00	MYL6B	ID_1899	0.00	3.99	5.12	5.59	6.12
	1.00	MYO10	ID_1900	0.00	5.55	7.09	7.70	7.64
	1.00	MYO1B	ID_1901	0.00	9.67	11.46	12.11	11.96
	1.00	MYO1C	ID_1902	0.00	5.21	6.76	7.15	7.51
	1.00	MYO1D	ID_1903	0.00	6.20	7.86	8.39	8.60
	1.00	MYO1E	ID_1904	0.00	4.54	6.22	6.77	7.01
	1.00	MYO5B	ID_1906	0.00	7.15	8.56	9.19	9.57
	1.00	MYO5C	ID_1907	0.00	4.38	6.19	6.54	6.50
	1.00	MYO6	ID_1908	0.00	6.57	8.42	9.07	8.99
	1.00	MYOF	ID_1910	0.00	7.08	8.74	9.47	9.49
	1.00	MYORG	ID_1911	0.00	6.61	8.11	8.86	9.08
	1.00	MYRF	ID_1912	0.00	4.14	5.75	6.30	6.68
	1.00	MZT1	ID_1913	0.00	2.78	3.83	3.90	4.61
	1.00	MZT2B	ID_1914	0.00	2.87	3.62	3.78	4.44
	1.00	NAA15	ID_1915	0.00	3.16	4.84	5.34	5.59
	1.00	NAA25	ID_1917	0.00	3.38	4.97	5.42	5.83
	1.00	NABP2	ID_1919	0.00	3.01	4.46	4.85	5.24
	1.00	NAF1	ID_1920	0.00	4.00	5.43	6.09	6.46
	1.00	NANOS1	ID_1923	0.00	5.04	6.51	6.67	7.22
	1.00	NAPSA	ID_1925	0.00	6.09	7.85	8.19	9.09
	1.00	NARS2	ID_1926	0.00	4.56	6.27	6.78	7.07
	1.00	NAV2	ID_1930	0.00	7.60	9.30	9.83	9.63
	1.00	NAXE	ID_1931	0.00	3.04	4.29	4.78	5.23
	1.00	NBDY	ID_1932	0.00	4.56	6.07	6.73	6.89
	1.00	NCAPG	ID_1938	0.00	4.96	6.01	6.03	6.41
	1.00	NCAPH	ID_1940	0.00	4.77	5.84	6.53	6.90
	1.00	NCEH1	ID_1943	0.00	3.99	5.24	5.66	6.38
	1.00	NCKAP1	ID_1944	0.00	6.35	8.07	8.66	8.70
	1.00	NDUFAF2	ID_1954	0.00	3.87	5.21	6.05	6.12
	1.00	NDUFAF4	ID_1955	0.00	3.37	4.77	5.34	5.57
	1.00	NDUFAF8	ID_1957	0.00	2.47	3.52	3.44	4.33
	1.00	NDUFB9	ID_1958	0.00	3.24	4.57	4.76	5.44
	1.00	NDUFS4	ID_1959	0.00	3.25	4.49	4.84	5.26
	1.00	NEBL	ID_1962	0.00	5.98	7.79	8.22	8.34
	1.00	NECAB3	ID_1963	0.00	2.99	4.38	4.62	5.03
	1.00	NECTIN4	ID_1965	0.00	6.10	7.50	7.35	8.65
	1.00	NEDD4L	ID_1967	0.00	7.69	9.33	9.97	9.92
	1.00	NEIL3	ID_1968	0.00	3.11	4.07	4.69	4.96
	1.00	NEK2	ID_1969	0.00	8.07	8.85	9.39	9.28
	1.00	NENF	ID_1970	0.00	4.66	6.12	6.22	6.98
	1.00	NEO1	ID_1971	0.00	3.14	4.89	5.32	5.35
	1.00	NET1	ID_1972	0.00	4.91	6.45	7.05	7.07
	1.00	NETO2	ID_1973	0.00	5.38	6.98	7.60	7.84
	1.00	NEURL1B	ID_1974	0.00	3.55	5.47	5.92	6.30
	1.00	NHP2	ID_1980	0.00	3.26	4.61	5.25	5.45
	1.00	NHSL1	ID_1981	0.00	3.66	5.38	6.15	5.94
	1.00	NIFK	ID_1982	0.00	3.93	5.58	6.03	6.34
	1.00	NKX2-1	ID_1987	0.00	7.07	8.74	8.92	9.90
	1.00	NLE1	ID_1989	0.00	3.36	4.71	4.97	5.75
	1.00	NLN	ID_1990	0.00	4.21	5.89	6.67	6.77
	1.00	NLRP2	ID_1991	0.00	3.84	5.46	5.66	6.30
	1.00	NME1	ID_1994	0.00	4.69	6.08	6.37	7.18
	1.00	NMNAT2	ID_1998	0.00	5.68	7.78	8.29	8.85
	1.00	NOB1	ID_2001	0.00	3.71	5.14	6.00	6.06
	1.00	NOL6	ID_2005	0.00	3.37	4.78	5.07	5.56
	1.00	NOP58	ID_2013	0.00	3.64	5.08	5.64	5.76
	1.00	NOS1AP	ID_2014	0.00	3.87	5.13	5.37	6.12
	1.00	NOS3	ID_2015	0.00	4.59	6.00	6.07	6.85
	1.00	NOTCH3	ID_2016	0.00	5.07	6.67	7.20	8.13
	1.00	NOVA1	ID_2017	0.00	4.70	6.26	6.92	7.36
	1.00	NPAS2	ID_2018	0.00	4.23	6.17	6.75	6.63
	1.00	NPHP1	ID_2019	0.00	3.91	5.67	6.04	6.24
	1.00	NPR3	ID_2024	0.00	6.30	6.97	7.51	6.69
	1.00	NQO1	ID_2026	0.00	6.62	8.03	8.68	9.37
	1.00	NR1D1	ID_2027	0.00	6.91	7.46	7.55	7.00
	1.00	NR2F1	ID_2028	0.00	4.72	6.11	6.89	7.14
	1.00	NR2F6	ID_2031	0.00	4.48	6.02	6.06	6.72
	1.00	NR4A1	ID_2032	0.00	6.37	6.57	6.08	6.73
	1.00	NRAV	ID_2034	0.00	3.55	4.77	5.28	5.32
	1.00	NRP1	ID_2035	0.00	6.96	8.93	9.67	9.76
	1.00	NRP2	ID_2036	0.00	6.49	8.29	8.96	9.07
	1.00	NRSN2	ID_2037	0.00	5.04	6.67	7.72	8.01
	1.00	NSDHL	ID_2039	0.00	3.50	5.11	5.56	5.67
	1.00	NT5C3B	ID_2043	0.00	3.70	5.26	5.62	6.00
	1.00	NT5E	ID_2046	0.00	5.40	6.94	7.78	7.76
	1.00	NTN4	ID_2048	0.00	5.86	7.74	8.18	8.66
	1.00	NUAK1	ID_2050	0.00	4.80	6.79	7.16	7.40
	1.00	NUBPL	ID_2051	0.00	4.18	5.49	6.00	6.37
	1.00	NUDCD1	ID_2053	0.00	3.31	4.85	5.35	5.68
	1.00	NUDT19	ID_2055	0.00	2.86	4.42	4.73	5.06
	1.00	NUDT8	ID_2056	0.00	5.29	6.17	6.38	7.34
	1.00	NUF2	ID_2058	0.00	6.40	6.91	7.20	7.15
	1.00	NUFIP1	ID_2059	0.00	4.28	5.57	6.16	6.27
	1.00	NUP35	ID_2062	0.00	4.78	6.09	6.62	6.90
	1.00	NUP62CL	ID_2065	0.00	4.52	6.13	6.29	6.82
	1.00	NUPR1	ID_2066	0.00	7.83	9.51	9.70	9.97
	1.00	NXT1	ID_2069	0.00	1.92	2.75	2.65	3.21
	1.00	OBSL1	ID_2071	0.00	5.68	7.35	7.18	7.86
	1.00	OCLN	ID_2073	0.00	6.68	8.63	9.18	9.41
	1.00	OCRL	ID_2074	0.00	4.05	5.72	6.17	6.39
	1.00	ODC1	ID_2075	0.00	3.65	4.96	5.17	5.40
	1.00	OLA1	ID_2078	0.00	3.69	5.43	6.05	6.23
	1.00	OLMALINC	ID_2080	0.00	3.46	4.77	5.48	5.61
	1.00	OPHN1	ID_2083	0.00	3.72	5.52	6.22	6.10
	1.00	ORC5	ID_2089	0.00	3.62	5.27	5.75	5.95
	1.00	ORC6	ID_2090	0.00	4.31	5.47	5.56	6.31
	1.00	OSBPL10	ID_2091	0.00	4.19	5.78	6.34	6.45
	1.00	OSBPL6	ID_2092	0.00	3.24	4.72	5.27	5.15
	1.00	OSMR	ID_2093	0.00	4.05	5.93	6.71	6.98
	1.00	OTUB2	ID_2096	0.00	3.95	5.59	5.95	6.68
	1.00	OTUD7B	ID_2097	0.00	2.94	4.48	4.95	5.10
	1.00	OVOL1	ID_2098	0.00	5.67	6.63	6.55	7.21
	1.00	P3H4	ID_2100	0.00	3.16	4.82	4.82	5.64
	1.00	PAAF1	ID_2105	0.00	3.27	4.72	5.01	5.51
	1.00	PAICS	ID_2112	0.00	3.61	5.27	5.94	6.24
	1.00	PAK1IP1	ID_2113	0.00	4.09	5.50	6.15	6.37
	1.00	PAK4	ID_2114	0.00	3.03	4.10	4.29	4.57
	1.00	PALLD	ID_2115	0.00	6.90	8.63	9.51	9.16
	1.00	PANK1	ID_2117	0.00	4.43	6.13	6.12	6.48
	1.00	PARD3	ID_2119	0.00	5.27	6.85	7.39	7.50
	1.00	PARD3B	ID_2120	0.00	5.63	7.18	7.81	7.98
	1.00	PARD6B	ID_2121	0.00	4.09	5.84	6.13	6.26
	1.00	PARM1	ID_2122	0.00	6.95	8.95	9.35	9.38
	1.00	PARPBP	ID_2125	0.00	4.81	5.32	5.48	5.92
	1.00	PARVA	ID_2126	0.00	4.94	6.54	7.09	7.23
	1.00	PAWR	ID_2128	0.00	4.59	6.27	6.75	6.90
	1.00	PC	ID_2132	0.00	7.65	9.08	9.38	9.87
	1.00	PCBD1	ID_2133	0.00	4.55	6.10	6.43	6.85
	1.00	PCDH1	ID_2135	0.00	7.32	8.74	9.19	9.54
	1.00	PCDH7	ID_2136	0.00	5.82	7.69	8.35	8.67
	1.00	PCGF2	ID_2146	0.00	6.07	7.57	8.27	8.35
	1.00	PCGF6	ID_2147	0.00	3.09	4.03	4.26	4.77
	1.00	PCSK4	ID_2150	0.00	2.46	3.22	3.91	4.04
	1.00	PDCD2L	ID_2154	0.00	6.44	7.74	7.93	8.58
	1.00	PDE4C	ID_2159	0.00	5.86	7.33	7.64	8.56
	1.00	PDGFA	ID_2161	0.00	4.95	6.49	6.63	6.93
	1.00	PDGFC	ID_2162	0.00	5.95	7.72	8.21	8.30
	1.00	PDIA5	ID_2165	0.00	4.28	5.89	6.33	7.04
	1.00	PDIK1L	ID_2167	0.00	2.86	4.57	4.68	5.07
	1.00	PDLIM1	ID_2168	0.00	2.78	4.11	4.67	4.78
	1.00	PEA15	ID_2174	0.00	3.41	4.89	5.74	5.80
	1.00	PEG10	ID_2176	0.00	7.66	9.57	10.36	10.19
	1.00	PERP	ID_2180	0.00	6.91	8.56	9.06	9.29
	1.00	PEX10	ID_2182	0.00	3.80	5.09	5.46	5.92
	1.00	PEX7	ID_2184	0.00	2.73	3.89	4.14	4.43
	1.00	PFDN4	ID_2188	0.00	3.23	4.59	5.22	5.43
	1.00	PHACTR3	ID_2196	0.00	8.36	9.89	10.67	10.27
	1.00	PHETA2	ID_2199	0.00	3.70	5.46	5.39	6.30
	1.00	PHKA1	ID_2200	0.00	7.41	9.13	9.54	9.67
	1.00	PHLDA1	ID_2202	0.00	5.75	7.35	8.18	7.92
	1.00	PHLDA3	ID_2204	0.00	6.74	8.28	8.59	9.72
	1.00	PHLDB1	ID_2205	0.00	6.78	8.35	8.48	8.57
	1.00	PHLDB2	ID_2206	0.00	5.18	6.92	7.90	7.51
	1.00	PHLDB3	ID_2207	0.00	3.12	4.27	4.23	4.41
	1.00	PHLPP2	ID_2208	0.00	3.32	4.93	5.17	5.26
	1.00	PHYH	ID_2209	0.00	4.69	6.44	6.79	7.17
	1.00	PIGP	ID_2212	0.00	4.24	5.89	6.45	6.73
	1.00	PIGW	ID_2215	0.00	3.83	5.44	5.83	6.44
	1.00	PIK3R3	ID_2217	0.00	3.78	5.80	6.03	6.74
	1.00	PIMREG	ID_2218	0.00	5.80	6.06	6.14	6.15
	1.00	PIP5KL1	ID_2219	0.00	5.49	7.19	7.37	8.08
	1.00	PIR	ID_2220	0.00	4.64	5.49	6.00	6.99
	1.00	PITPNM3	ID_2221	0.00	4.41	5.98	6.40	6.47
	1.00	PKD1P6	ID_2225	0.00	2.33	3.46	2.93	3.51
	1.00	PKP2	ID_2229	0.00	4.77	6.47	7.09	6.95
	1.00	PKP3	ID_2230	0.00	7.09	8.53	8.71	9.42
	1.00	PLAT	ID_2235	0.00	4.25	5.56	6.51	6.65
	1.00	PLBD2	ID_2236	0.00	3.50	5.05	5.94	5.97
	1.00	PLCD3	ID_2237	0.00	3.41	4.60	4.94	5.42
	1.00	PLEKHA5	ID_2239	0.00	4.40	6.10	6.81	6.54
	1.00	PLEKHA6	ID_2240	0.00	4.73	6.21	6.65	7.08
	1.00	PLEKHA7	ID_2241	0.00	3.80	5.41	5.63	5.77
	1.00	PLEKHD1	ID_2242	0.00	4.67	6.00	6.25	6.65
	1.00	PLEKHG1	ID_2243	0.00	3.49	5.36	5.91	5.78
	1.00	PLEKHG2	ID_2244	0.00	2.44	3.63	3.91	3.71
	1.00	PLEKHH1	ID_2247	0.00	2.91	4.51	4.88	5.09
	1.00	PLEKHH2	ID_2248	0.00	3.28	4.73	5.19	5.37
	1.00	PLEKHN1	ID_2250	0.00	4.37	5.68	6.01	6.68
	1.00	PLK1	ID_2252	0.00	3.24	3.66	3.99	4.32
	1.00	PLK2	ID_2253	0.00	3.53	4.23	4.12	4.08
	1.00	PLK4	ID_2254	0.00	6.48	7.65	8.22	8.46
	1.00	PLLP	ID_2255	0.00	3.02	4.43	4.65	5.06
	1.00	PLOD2	ID_2256	0.00	6.76	8.68	9.39	9.28
	1.00	PLPP1	ID_2258	0.00	4.43	5.71	6.55	6.40
	1.00	PLPP2	ID_2259	0.00	6.73	8.34	8.48	9.37
	1.00	PLS1	ID_2261	0.00	5.64	7.43	8.14	8.34
	1.00	PLS3	ID_2262	0.00	7.65	9.23	9.96	10.05
	1.00	PLSCR4	ID_2263	0.00	4.86	6.83	7.63	7.72
	1.00	PLXNA1	ID_2264	0.00	4.72	6.29	6.59	6.91
	1.00	PLXNA3	ID_2265	0.00	2.19	3.38	3.43	3.92
	1.00	PLXNB1	ID_2266	0.00	3.45	4.84	4.55	5.40
	1.00	PLXNB2	ID_2267	0.00	4.86	6.47	6.88	7.17
	1.00	PLXNB3	ID_2268	0.00	5.81	7.15	7.25	7.73
	1.00	PMEPA1	ID_2270	0.00	7.01	8.80	9.40	9.82
	1.00	PMVK	ID_2271	0.00	3.03	4.71	4.84	5.44
	1.00	PNO1	ID_2274	0.00	3.23	4.72	5.03	5.52
	1.00	PNPLA4	ID_2275	0.00	3.00	4.22	4.74	5.00
	1.00	POLE4	ID_2281	0.00	2.57	3.51	3.60	4.24
	1.00	POLQ	ID_2282	0.00	3.75	4.98	5.43	5.61
	1.00	POLR1A	ID_2283	0.00	3.19	4.84	5.27	5.59
	1.00	POLR1C	ID_2285	0.00	3.42	4.93	5.10	5.77
	1.00	POLR1E	ID_2286	0.00	3.66	5.21	5.74	6.16
	1.00	POLR2H	ID_2287	0.00	3.00	4.37	4.43	5.21
	1.00	PON2	ID_2292	0.00	6.33	7.90	8.31	8.73
	1.00	PPA1	ID_2296	0.00	3.84	5.39	5.68	6.15
	1.00	PPARG	ID_2297	0.00	5.37	7.22	7.99	8.08
	1.00	PPDPF	ID_2300	0.00	3.18	4.13	4.49	4.99
	1.00	PPFIA3	ID_2301	0.00	3.40	4.97	5.11	5.62
	1.00	PPFIBP1	ID_2302	0.00	4.14	5.96	6.52	6.58
	1.00	PPIL1	ID_2307	0.00	3.67	5.31	5.88	6.34
	1.00	PPIL6	ID_2309	0.00	3.03	4.20	4.32	4.69
	1.00	PPP1R13L	ID_2312	0.00	4.90	6.28	6.70	6.86
	1.00	PPP1R14B	ID_2313	0.00	4.78	5.90	6.23	6.57
	1.00	PPP1R14C	ID_2315	0.00	7.64	9.16	9.58	9.73
	1.00	PPP1R26	ID_2317	0.00	3.21	4.81	5.07	5.56
	1.00	PPP1R9A	ID_2319	0.00	8.69	10.64	11.13	11.03
	1.00	PPP5C	ID_2320	0.00	2.79	4.09	4.61	4.68
	1.00	PRADC1	ID_2322	0.00	2.84	3.90	4.05	4.62
	1.00	PRC1	ID_2324	0.00	4.62	5.42	5.81	5.82
	1.00	PRDX1	ID_2326	0.00	4.07	5.57	6.13	6.60
	1.00	PRDX4	ID_2327	0.00	5.12	6.45	6.86	7.37
	1.00	PRELID2	ID_2328	0.00	5.83	6.89	7.93	8.08
	1.00	PRKG2	ID_2332	0.00	3.75	5.22	5.67	6.14
	1.00	PROM2	ID_2338	0.00	8.81	10.48	11.17	11.54
	1.00	PROS1	ID_2339	0.00	6.00	7.80	8.34	8.44
	1.00	PROSER2	ID_2340	0.00	4.59	6.15	6.78	6.89
	1.00	PRPF40B	ID_2342	0.00	2.96	4.31	4.80	4.89
	1.00	PRR11	ID_2343	0.00	2.54	3.07	3.61	3.49
	1.00	PRR15L	ID_2344	0.00	8.32	10.08	10.51	10.75
	1.00	PRRG2	ID_2347	0.00	4.03	5.74	6.04	6.35
	1.00	PRSS16	ID_2348	0.00	4.61	6.56	7.03	7.74
	1.00	PRSS23	ID_2350	0.00	5.03	6.77	7.17	7.59
	1.00	PRSS27	ID_2351	0.00	3.70	4.89	4.95	5.71
	1.00	PRSS8	ID_2353	0.00	7.13	8.75	9.15	9.47
	1.00	PRX	ID_2354	0.00	4.60	6.13	6.78	6.99
	1.00	PRXL2A	ID_2355	0.00	5.06	6.69	7.14	7.57
	1.00	PSAT1	ID_2356	0.00	6.38	8.20	8.52	9.07
	1.00	PSCA	ID_2357	0.00	7.33	8.75	8.70	9.37
	1.00	PSD3	ID_2358	0.00	3.98	5.61	6.16	6.49
	1.00	PSMD14	ID_2362	0.00	4.79	6.30	6.71	7.08
	1.00	PSMG1	ID_2363	0.00	4.50	6.05	6.24	6.67
	1.00	PTGR2	ID_2369	0.00	3.62	5.57	5.75	6.08
	1.00	PTK2	ID_2370	0.00	5.07	6.69	7.22	7.23
	1.00	PTK6	ID_2371	0.00	4.02	5.52	5.55	6.08
	1.00	PTK7	ID_2372	0.00	3.51	5.11	5.33	6.06
	1.00	PTMS	ID_2373	0.00	2.57	3.42	3.82	4.11
	1.00	PTPN14	ID_2376	0.00	8.63	10.28	10.93	10.79
	1.00	PTPRF	ID_2380	0.00	7.71	9.34	9.81	10.16
	1.00	PTPRH	ID_2383	0.00	7.06	8.91	9.15	9.54
	1.00	PTPRK	ID_2384	0.00	6.35	8.11	8.61	8.64
	1.00	PTPRU	ID_2386	0.00	7.54	9.28	9.63	9.99
	1.00	PTTG1	ID_2387	0.00	5.30	5.61	6.14	6.07
	1.00	PTX3	ID_2388	0.00	4.85	5.57	4.75	4.71
	1.00	PVT1	ID_2394	0.00	3.60	4.81	5.08	5.84
	1.00	PYCR1	ID_2395	0.00	8.87	10.31	10.63	11.22
	1.00	PYCR3	ID_2396	0.00	3.61	5.03	5.20	5.85
	1.00	PYGB	ID_2397	0.00	3.32	4.71	5.16	5.67
	1.00	QPCTL	ID_2398	0.00	3.45	4.39	4.57	5.23
	1.00	QPRT	ID_2399	0.00	6.72	8.20	8.51	9.11
	1.00	RAB11FIP5	ID_2402	0.00	4.71	6.18	6.66	6.99
	1.00	RAB13	ID_2403	0.00	5.57	6.77	7.39	7.50
	1.00	RAB23	ID_2405	0.00	4.87	6.81	7.33	7.58
	1.00	RAB25	ID_2406	0.00	7.86	9.41	9.74	10.26
	1.00	RAB34	ID_2408	0.00	5.82	7.42	7.56	8.26
	1.00	RAB38	ID_2409	0.00	3.60	5.41	5.77	6.35
	1.00	RAC3	ID_2411	0.00	6.18	7.48	8.05	8.52
	1.00	RACGAP1	ID_2412	0.00	3.84	4.55	4.79	4.90
	1.00	RAD51AP1	ID_2417	0.00	5.23	5.81	6.53	6.63
	1.00	RAD51C	ID_2418	0.00	2.85	4.19	4.52	4.83
	1.00	RAI14	ID_2420	0.00	6.88	8.39	9.04	9.49
	1.00	RAMP1	ID_2421	0.00	6.21	7.51	7.94	8.50
	1.00	RAN	ID_2422	0.00	3.02	4.29	4.66	5.04
	1.00	RANBP17	ID_2424	0.00	5.09	7.01	7.30	7.26
	1.00	RANGAP1	ID_2425	0.00	1.97	2.93	2.89	3.53
	1.00	RAPGEF5	ID_2426	0.00	4.64	6.08	6.51	6.43
	1.00	RAPH1	ID_2427	0.00	7.73	9.44	10.22	9.94
	1.00	RARG	ID_2428	0.00	3.17	4.62	4.95	5.46
	1.00	RASAL1	ID_2430	0.00	4.02	6.23	6.34	7.04
	1.00	RASAL2	ID_2431	0.00	6.51	8.15	8.90	9.37
	1.00	RASD1	ID_2433	0.00	5.02	5.80	5.77	5.93
	1.00	RASGRF1	ID_2436	0.00	3.46	5.53	6.03	6.17
	1.00	RBFOX2	ID_2441	0.00	6.75	8.59	9.18	9.36
	1.00	RCC1	ID_2443	0.00	4.31	5.94	6.14	6.85
	1.00	RCL1	ID_2446	0.00	3.56	4.98	5.42	6.11
	1.00	RCN1	ID_2447	0.00	4.97	6.62	7.16	7.47
	1.00	RCN1P2	ID_2448	0.00	3.71	5.14	5.67	6.03
	1.00	RCOR2	ID_2449	0.00	3.64	4.77	5.27	5.38
	1.00	RDX	ID_2456	0.00	3.84	5.59	6.38	6.31
	1.00	RECQL4	ID_2457	0.00	2.84	3.63	3.61	4.71
	1.00	REEP6	ID_2459	0.00	5.69	7.30	7.70	8.13
	1.00	RGS20	ID_2469	0.00	4.67	5.85	6.38	6.74
	1.00	RHBDF1	ID_2471	0.00	7.94	9.54	9.61	10.03
	1.00	RHOC	ID_2475	0.00	3.64	4.83	5.05	5.67
	1.00	RHPN2	ID_2477	0.00	3.86	5.78	6.08	6.33
	1.00	RIPK4	ID_2483	0.00	3.59	4.72	4.78	5.57
	1.00	RITA1	ID_2484	0.00	4.83	6.09	6.61	7.29
	1.00	RMND1	ID_2486	0.00	2.97	4.11	4.63	4.74
	1.00	RNASE1	ID_2487	0.00	7.79	9.79	9.78	9.88
	1.00	RND1	ID_2489	0.00	6.38	6.68	6.46	6.48
	1.00	RND3	ID_2490	0.00	9.36	11.13	11.87	12.05
	1.00	RNF212	ID_2492	0.00	7.29	8.80	9.45	9.78
	1.00	RNF222	ID_2495	0.00	3.19	3.82	3.00	4.10
	1.00	RNF26	ID_2497	0.00	2.47	3.47	3.83	4.28
	1.00	RNF39	ID_2498	0.00	2.42	3.76	3.86	4.20
	1.00	RNF43	ID_2499	0.00	4.42	5.97	6.43	6.43
	1.00	RNLS	ID_2501	0.00	5.36	6.92	7.38	7.79
	1.00	ROBO1	ID_2503	0.00	3.77	5.60	6.22	6.47
	1.00	RPAP1	ID_2509	0.00	2.40	3.68	3.78	4.24
	1.00	RPE	ID_2510	0.00	3.37	4.92	5.47	5.71
	1.00	RPF2	ID_2511	0.00	5.53	7.15	7.82	7.97
	1.00	RPGRIP1L	ID_2512	0.00	2.95	4.44	5.07	4.96
	1.00	RPL39L	ID_2525	0.00	8.10	9.16	9.45	9.95
	1.00	RPL3P2	ID_2526	0.00	2.96	3.96	3.74	4.50
	1.00	RPLP0	ID_2529	0.00	3.06	4.38	4.66	5.32
	1.00	RPP25	ID_2533	0.00	4.21	5.69	5.88	6.47
	1.00	RPS28P7	ID_2538	0.00	3.95	4.94	5.46	5.99
	1.00	RPS6KA2	ID_2541	0.00	2.92	4.53	5.01	5.18
	1.00	RPS6KA6	ID_2542	0.00	5.55	7.59	8.00	8.19
	1.00	RRAS	ID_2548	0.00	4.76	6.03	6.45	6.96
	1.00	RRAS2	ID_2549	0.00	4.60	5.88	6.48	6.74
	1.00	RRM2	ID_2551	0.00	4.65	5.94	6.43	6.95
	1.00	RRP1	ID_2553	0.00	3.14	4.55	4.81	5.53
	1.00	RRP15	ID_2554	0.00	3.33	4.88	5.58	5.69
	1.00	RRS1	ID_2557	0.00	3.76	5.31	5.96	6.17
	1.00	RSL1D1	ID_2558	0.00	3.13	4.66	5.39	5.34
	1.00	RTL8A	ID_2563	0.00	3.10	4.69	5.23	5.45
	1.00	RUSC2	ID_2569	0.00	3.40	4.76	5.30	5.50
	1.00	RUVBL2	ID_2571	0.00	2.82	4.13	4.32	4.90
	1.00	RWDD2B	ID_2572	0.00	3.30	4.72	5.24	5.61
	1.00	S100A10	ID_2574	0.00	3.49	4.59	5.09	5.34
	1.00	S100A14	ID_2576	0.00	7.49	9.03	9.69	9.97
	1.00	S100A16	ID_2577	0.00	8.43	9.71	10.29	10.68
	1.00	S100A2	ID_2578	0.00	6.58	7.60	8.44	9.00
	1.00	S100A5	ID_2579	0.00	4.44	5.70	6.30	6.79
	1.00	SAMD12	ID_2585	0.00	5.86	8.00	8.56	8.62
	1.00	SAMD12-AS1	ID_2586	0.00	4.52	6.19	6.36	6.69
	1.00	SAMD4A	ID_2587	0.00	4.37	5.78	6.52	6.73
	1.00	SAPCD2	ID_2588	0.00	3.60	4.04	3.90	4.55
	1.00	SASH1	ID_2589	0.00	6.71	8.37	9.06	8.82
	1.00	SATB2	ID_2590	0.00	5.89	7.90	8.68	8.56
	1.00	SAV1	ID_2591	0.00	3.65	4.99	5.55	5.56
	1.00	SBDS	ID_2592	0.00	2.38	3.40	3.85	3.91
	1.00	SBDSP1	ID_2593	0.00	2.38	3.37	4.12	3.91
	1.00	SCD	ID_2598	0.00	7.01	8.66	9.48	9.84
	1.00	SCEL	ID_2599	0.00	8.27	9.80	10.75	10.42
	1.00	SCNN1A	ID_2603	0.00	7.11	8.79	9.33	9.56
	1.00	SCNN1B	ID_2604	0.00	10.02	11.84	12.50	12.58
	1.00	SCNN1G	ID_2605	0.00	9.34	11.28	11.81	11.84
	1.00	SCRN1	ID_2607	0.00	2.92	4.48	5.02	5.09
	1.00	SDC1	ID_2609	0.00	8.26	9.98	10.23	10.83
	1.00	SDC3	ID_2610	0.00	8.74	10.53	11.25	11.07
	1.00	SDC4	ID_2611	0.00	7.75	9.36	9.96	10.42
	1.00	SDSL	ID_2613	0.00	5.95	7.70	7.85	8.39
	1.00	SEC14L2	ID_2614	0.00	4.93	6.21	6.75	7.38
	1.00	SELENBP1	ID_2620	0.00	6.97	8.44	8.51	9.03
	1.00	SELENOM	ID_2622	0.00	3.05	3.98	4.20	4.64
	1.00	SELENOP	ID_2623	0.00	3.39	4.30	4.73	4.88
	1.00	SEM1	ID_2625	0.00	4.48	5.88	6.36	6.65
	1.00	SEMA3A	ID_2626	0.00	8.24	9.88	10.87	10.93
	1.00	43718	ID_2631	0.00	6.48	8.08	8.74	8.85
	1.00	SERHL	ID_2634	0.00	4.25	4.64	4.75	6.21
	1.00	SERINC2	ID_2635	0.00	5.80	7.43	7.93	8.14
	1.00	SERPINE1	ID_2642	0.00	6.20	7.74	8.43	8.42
	1.00	SERPINH1	ID_2643	0.00	7.06	8.80	9.12	9.50
	1.00	SETD7	ID_2647	0.00	3.24	5.02	5.58	5.72
	1.00	SEZ6L2	ID_2648	0.00	7.00	8.65	9.05	9.83
	1.00	SFTPA1	ID_2653	0.00	6.96	8.22	8.96	10.13
	1.00	SFTPB	ID_2655	0.00	7.97	9.56	10.25	10.60
	1.00	SGCE	ID_2657	0.00	7.30	8.91	9.39	9.50
	1.00	SGO1	ID_2659	0.00	2.88	3.33	3.80	3.84
	1.00	SGO2	ID_2660	0.00	2.87	3.71	4.11	4.12
	1.00	SGPP2	ID_2661	0.00	5.73	7.61	8.42	8.33
	1.00	SH2D3A	ID_2662	0.00	3.10	4.58	5.13	5.22
	1.00	SH2D4A	ID_2663	0.00	4.84	6.66	7.10	7.17
	1.00	SH3BGRL2	ID_2665	0.00	4.07	5.84	6.41	6.71
	1.00	SH3BP4	ID_2666	0.00	7.46	9.05	9.61	9.80
	1.00	SH3D19	ID_2667	0.00	8.21	9.91	10.77	10.61
	1.00	SH3PXD2B	ID_2668	0.00	5.81	7.69	8.18	8.78
	1.00	SH3RF1	ID_2669	0.00	4.52	5.91	6.64	6.85
	1.00	SH3RF2	ID_2670	0.00	5.79	7.08	7.97	8.65
	1.00	SHANK2	ID_2671	0.00	4.78	6.79	7.67	7.72
	1.00	SHB	ID_2673	0.00	6.45	7.72	8.27	8.77
	1.00	SHMT1	ID_2675	0.00	3.46	4.70	5.06	5.44
	1.00	SHPK	ID_2677	0.00	2.78	4.17	4.64	4.88
	1.00	SHROOM1	ID_2679	0.00	4.55	6.04	5.98	6.19
	1.00	SHROOM3	ID_2680	0.00	9.17	10.81	11.45	11.41
	1.00	SIK1	ID_2682	0.00	8.80	9.66	9.99	10.21
	1.00	SIK1B	ID_2683	0.00	5.64	5.32	5.37	5.45
	1.00	SIX5	ID_2688	0.00	5.29	6.85	7.11	7.43
	1.00	SKA1	ID_2689	0.00	5.78	6.94	7.09	7.58
	1.00	SKA2	ID_2690	0.00	3.55	4.96	5.45	5.57
	1.00	SLC16A1	ID_2695	0.00	3.45	5.20	5.69	5.93
	1.00	SLC16A12	ID_2696	0.00	5.71	7.22	7.97	7.55
	1.00	SLC19A2	ID_2698	0.00	2.14	3.33	3.39	3.52
	1.00	SLC1A5	ID_2701	0.00	5.14	6.83	7.18	7.73
	1.00	SLC20A2	ID_2702	0.00	3.98	5.65	6.28	6.57
	1.00	SLC22A18AS	ID_2703	0.00	3.54	5.47	6.04	6.19
	1.00	SLC22A31	ID_2704	0.00	7.46	8.84	8.83	10.67
	1.00	SLC25A10	ID_2705	0.00	6.07	7.07	7.08	7.95
	1.00	SLC25A15	ID_2707	0.00	3.65	4.87	5.25	5.75
	1.00	SLC25A23	ID_2710	0.00	3.64	5.09	5.87	6.01
	1.00	SLC25A25	ID_2711	0.00	1.99	2.86	2.84	3.23
	1.00	SLC25A33	ID_2714	0.00	2.88	4.10	4.30	4.57
	1.00	SLC25A39	ID_2716	0.00	3.25	4.61	4.80	5.35
	1.00	SLC25A4	ID_2717	0.00	3.37	4.85	4.97	5.71
	1.00	SLC25A43	ID_2718	0.00	5.23	6.93	7.44	7.47
	1.00	SLC25A51	ID_2720	0.00	2.09	3.09	3.30	3.33
	1.00	SLC27A4	ID_2723	0.00	3.64	5.19	5.53	5.98
	1.00	SLC2A12	ID_2727	0.00	3.52	4.91	5.24	5.33
	1.00	SLC2A8	ID_2728	0.00	2.55	3.14	3.44	4.21
	1.00	SLC34A2	ID_2729	0.00	7.77	9.99	10.24	10.47
	1.00	SLC35B2	ID_2730	0.00	2.85	4.43	4.50	4.43
	1.00	SLC35D2	ID_2731	0.00	2.60	3.76	4.19	4.50
	1.00	SLC35F2	ID_2732	0.00	5.40	6.98	7.56	7.78
	1.00	SLC35G2	ID_2733	0.00	4.41	5.95	5.97	6.72
	1.00	SLC39A14	ID_2736	0.00	3.98	5.63	6.01	6.46
	1.00	SLC39A4	ID_2737	0.00	2.92	3.89	4.05	4.83
	1.00	SLC39A8	ID_2738	0.00	3.70	5.45	6.08	6.10
	1.00	SLC3A2	ID_2739	0.00	2.99	4.31	4.61	5.13
	1.00	SLC41A2	ID_2741	0.00	3.91	5.60	6.16	6.26
	1.00	SLC41A3	ID_2742	0.00	3.24	4.88	5.10	5.58
	1.00	SLC44A3	ID_2743	0.00	4.75	6.09	6.71	7.23
	1.00	SLC44A3-AS1	ID_2744	0.00	2.96	4.10	4.58	5.01
	1.00	SLC46A1	ID_2746	0.00	5.01	6.34	7.01	7.35
	1.00	SLC4A11	ID_2747	0.00	4.46	6.22	6.51	6.54
	1.00	SLC7A1	ID_2755	0.00	4.59	6.52	7.07	7.34
	1.00	SLC7A11	ID_2756	0.00	4.07	5.77	6.45	6.72
	1.00	SLC7A5	ID_2757	0.00	6.01	7.81	8.14	8.31
	1.00	SLC9A3R2	ID_2759	0.00	6.96	8.41	8.49	9.19
	1.00	SLCO4A1	ID_2760	0.00	6.54	8.00	8.51	8.80
	1.00	SLCO4A1-AS1	ID_2761	0.00	6.30	7.53	7.88	8.18
	1.00	SMARCA1	ID_2767	0.00	7.12	9.03	9.59	9.54
	1.00	SMG7-AS1	ID_2770	0.00	3.00	4.00	4.06	4.07
	1.00	SMIM30	ID_2774	0.00	3.24	4.96	5.36	5.66
	1.00	SMIM31	ID_2775	0.00	5.38	6.95	7.04	7.74
	1.00	SMN1	ID_2776	0.00	2.68	3.98	3.79	4.23
	1.00	SMTN	ID_2780	0.00	3.58	4.84	5.23	5.56
	1.00	SMYD3	ID_2781	0.00	4.26	5.80	6.16	6.63
	1.00	SNAI1	ID_2783	0.00	4.79	5.34	5.59	5.61
	1.00	SNAI2	ID_2784	0.00	7.46	8.97	10.05	9.81
	1.00	SNAPC1	ID_2785	0.00	1.96	2.91	3.49	3.28
	1.00	SNHG1	ID_2787	0.00	2.44	3.29	3.42	3.85
	1.00	SNHG17	ID_2789	0.00	2.11	3.10	2.74	3.66
	1.00	SNHG29	ID_2790	0.00	3.49	4.77	5.28	5.79
	1.00	SNHG5	ID_2791	0.00	3.03	3.97	3.98	4.69
	1.00	SNHG8	ID_2792	0.00	2.69	3.70	3.83	4.57
	1.00	SNORD3A	ID_2793	0.00	4.00	3.83	3.32	3.75
	1.00	SNRPF	ID_2800	0.00	3.13	4.44	4.86	5.37
	1.00	SNTA1	ID_2801	0.00	4.81	6.19	6.56	7.05
	1.00	SNX24	ID_2805	0.00	5.38	6.87	7.57	7.65
	1.00	SNX25	ID_2806	0.00	3.58	5.09	5.44	5.44
	1.00	SNX33	ID_2807	0.00	3.51	5.27	5.54	5.87
	1.00	SNX8	ID_2810	0.00	4.98	6.26	6.72	6.92
	1.00	SNX9	ID_2811	0.00	3.14	4.61	5.27	5.32
	1.00	SOCS6	ID_2812	0.00	2.98	4.54	4.96	5.19
	1.00	SOWAHC	ID_2816	0.00	5.51	7.09	7.58	8.05
	1.00	SOX4	ID_2818	0.00	4.16	5.60	5.92	6.57
	1.00	SP2-AS1	ID_2820	0.00	2.66	3.83	4.28	3.94
	1.00	SPAG16	ID_2821	0.00	3.64	5.26	5.94	6.21
	1.00	SPAG4	ID_2822	0.00	3.36	4.02	4.04	5.01
	1.00	SPAG5	ID_2823	0.00	5.23	5.82	5.96	6.14
	1.00	SPATA7	ID_2827	0.00	4.06	4.98	5.67	5.85
	1.00	SPATS2	ID_2828	0.00	3.89	5.53	5.98	5.94
	1.00	SPATS2L	ID_2829	0.00	5.00	6.32	7.11	7.14
	1.00	SPC24	ID_2830	0.00	5.00	5.61	6.42	6.86
	1.00	SPDL1	ID_2831	0.00	2.34	3.15	3.72	3.75
	1.00	SPDYE3	ID_2832	0.00	2.99	4.38	5.00	4.83
	1.00	SPINK1	ID_2835	0.00	4.55	5.79	5.79	5.74
	1.00	SPINT1-AS1	ID_2838	0.00	4.73	6.24	6.52	6.83
	1.00	SPIRE1	ID_2840	0.00	4.98	6.83	7.43	7.31
	1.00	SPIRE2	ID_2841	0.00	5.23	6.31	6.41	7.06
	1.00	SPR	ID_2842	0.00	5.17	7.20	7.16	8.33
	1.00	SPRED1	ID_2843	0.00	4.95	6.82	7.34	7.41
	1.00	SPRED2	ID_2844	0.00	4.54	6.25	6.89	6.82
	1.00	SPRR2D	ID_2850	0.00	8.26	9.81	10.61	10.85
	1.00	SPRY1	ID_2853	0.00	3.86	5.42	5.52	5.74
	1.00	SPSB1	ID_2856	0.00	7.00	8.33	8.81	9.44
	1.00	SPTB	ID_2857	0.00	2.99	4.47	4.55	5.20
	1.00	SPTBN2	ID_2858	0.00	6.57	8.19	8.35	8.80
	1.00	SPTLC3	ID_2859	0.00	5.55	7.10	7.65	7.92
	1.00	SPTSSA	ID_2860	0.00	4.69	6.67	6.99	7.43
	1.00	SQLE	ID_2862	0.00	5.84	7.59	8.34	8.38
	1.00	SRD5A1	ID_2864	0.00	4.25	5.96	6.50	6.74
	1.00	SRD5A3	ID_2866	0.00	5.78	7.55	7.82	8.08
	1.00	SRD5A3-AS1	ID_2867	0.00	4.00	4.84	5.56	5.40
	1.00	SRGAP1	ID_2870	0.00	7.15	8.84	9.80	9.25
	1.00	SRM	ID_2871	0.00	4.06	5.51	5.99	6.55
	1.00	SRPX2	ID_2874	0.00	6.73	8.70	8.98	9.62
	1.00	SSRP1	ID_2877	0.00	3.57	5.08	5.46	5.81
	1.00	SSSCA1	ID_2878	0.00	2.96	4.14	4.37	4.93
	1.00	ST14	ID_2879	0.00	3.95	5.46	5.80	6.41
	1.00	ST5	ID_2880	0.00	4.10	5.83	6.19	6.62
	1.00	ST6GALNAC1	ID_2881	0.00	4.69	6.48	6.77	6.83
	1.00	ST7	ID_2882	0.00	3.90	5.31	5.85	5.98
	1.00	ST7L	ID_2883	0.00	1.87	2.41	2.55	2.77
	1.00	STAP2	ID_2884	0.00	6.71	8.08	8.02	8.70
	1.00	STEAP3	ID_2889	0.00	5.62	7.35	7.87	8.19
	1.00	STIL	ID_2890	0.00	4.91	5.78	6.52	6.40
	1.00	STK39	ID_2893	0.00	3.85	5.59	6.06	6.09
	1.00	STMN1	ID_2894	0.00	3.81	4.31	4.77	5.01
	1.00	STRA6	ID_2897	0.00	6.89	8.47	8.85	9.28
	1.00	STRAP	ID_2898	0.00	2.50	3.63	3.98	4.28
	1.00	STX18-AS1	ID_2903	0.00	3.46	4.81	4.70	5.15
	1.00	STX1A	ID_2904	0.00	4.58	5.63	5.91	6.19
	1.00	STXBP1	ID_2905	0.00	3.74	5.78	6.25	6.36
	1.00	STYK1	ID_2907	0.00	5.14	6.61	7.10	7.15
	1.00	SUCLA2	ID_2908	0.00	3.04	4.34	4.76	5.04
	1.00	SULT6B1	ID_2912	0.00	5.00	6.27	6.74	7.14
	1.00	SYBU	ID_2916	0.00	8.26	10.09	10.50	10.56
	1.00	SYDE2	ID_2917	0.00	4.04	5.19	5.72	5.75
	1.00	SYNPO	ID_2919	0.00	6.26	7.38	7.36	7.13
	1.00	SYT12	ID_2923	0.00	9.42	11.03	11.36	11.99
	1.00	SYT7	ID_2925	0.00	8.06	9.90	10.42	10.71
	1.00	SYTL4	ID_2926	0.00	4.30	6.31	6.85	7.07
	1.00	SYTL5	ID_2927	0.00	6.03	8.19	8.26	8.61
	1.00	TACC2	ID_2928	0.00	8.61	10.55	11.16	11.00
	1.00	TACSTD2	ID_2929	0.00	5.33	7.05	7.47	8.53
	1.00	TANC1	ID_2934	0.00	7.90	9.74	10.28	10.45
	1.00	TARS	ID_2935	0.00	3.38	5.10	5.69	5.76
	1.00	TASP1	ID_2936	0.00	2.65	4.11	4.46	4.68
	1.00	TATDN1	ID_2937	0.00	3.71	5.13	5.84	5.96
	1.00	TBC1D12	ID_2938	0.00	5.69	7.13	7.73	8.15
	1.00	TBC1D16	ID_2939	0.00	7.06	9.00	9.33	9.72
	1.00	TBC1D9	ID_2944	0.00	3.03	4.66	5.06	5.24
	1.00	TCAF1P1	ID_2949	0.00	5.29	6.46	6.94	7.07
	1.00	TCEAL4	ID_2952	0.00	4.11	5.82	6.57	6.47
	1.00	TCN2	ID_2955	0.00	4.14	5.93	6.21	6.74
	1.00	TCTN3	ID_2957	0.00	3.34	5.24	5.62	5.84
	1.00	TDRD1	ID_2958	0.00	6.98	8.74	9.11	9.46
	1.00	TDRKH	ID_2959	0.00	2.92	4.28	4.74	4.76
	1.00	TDRP	ID_2960	0.00	5.36	6.94	7.20	7.84
	1.00	TEAD1	ID_2961	0.00	7.91	9.49	10.16	10.18
	1.00	TEAD3	ID_2962	0.00	5.35	6.91	7.31	7.55
	1.00	TECTA	ID_2964	0.00	2.70	3.73	4.04	3.98
	1.00	TENM4	ID_2966	0.00	5.30	7.33	7.77	7.70
	1.00	TENT5B	ID_2968	0.00	6.27	7.46	7.27	7.96
	1.00	TEX9	ID_2969	0.00	5.00	6.75	7.58	7.34
	1.00	TFAP2A	ID_2970	0.00	4.49	6.11	6.73	6.81
	1.00	TFAP2C	ID_2971	0.00	6.43	8.57	9.11	9.56
	1.00	TFB2M	ID_2972	0.00	3.48	4.90	5.22	5.56
	1.00	TFCP2L1	ID_2973	0.00	4.04	5.54	6.23	5.85
	1.00	TFRC	ID_2976	0.00	3.28	4.88	5.32	5.77
	1.00	TGM2	ID_2978	0.00	7.83	9.45	10.07	10.42
	1.00	THOC3	ID_2981	0.00	3.61	4.57	4.71	5.48
	1.00	THRB	ID_2983	0.00	6.38	8.14	9.02	8.95
	1.00	THSD7A	ID_2985	0.00	4.34	5.91	6.24	6.46
	1.00	THUMPD2	ID_2986	0.00	3.20	4.47	4.61	5.10
	1.00	TIMM13	ID_2991	0.00	3.49	4.69	4.93	5.56
	1.00	TIMM21	ID_2993	0.00	2.91	4.28	4.62	5.05
	1.00	TIMM9	ID_2999	0.00	3.05	4.75	4.92	5.31
	1.00	TIPIN	ID_3001	0.00	3.74	5.51	5.98	6.27
	1.00	TJP1	ID_3002	0.00	10.15	11.69	12.64	12.50
	1.00	TJP3	ID_3003	0.00	5.24	6.93	6.95	7.32
	1.00	TK1	ID_3004	0.00	4.06	5.15	5.50	6.24
	1.00	TLCD1	ID_3005	0.00	7.84	9.56	9.76	10.43
	1.00	TLCD2	ID_3006	0.00	3.49	5.16	5.68	5.97
	1.00	TLE1	ID_3007	0.00	3.28	4.69	5.18	5.36
	1.00	TLN2	ID_3009	0.00	6.55	8.08	8.46	8.68
	1.00	TM4SF1	ID_3010	0.00	7.52	8.97	9.67	10.58
	1.00	TM4SF18	ID_3011	0.00	5.00	6.15	7.23	8.32
	1.00	TMA16	ID_3014	0.00	5.48	6.79	7.52	7.81
	1.00	TMC5	ID_3015	0.00	5.12	6.87	7.30	7.46
	1.00	TMCO4	ID_3017	0.00	2.77	4.22	4.34	4.80
	1.00	TMED3	ID_3018	0.00	3.51	4.97	5.33	5.91
	1.00	TMEM105	ID_3020	0.00	5.55	7.45	7.64	7.75
	1.00	TMEM125	ID_3024	0.00	7.26	8.50	8.82	9.30
	1.00	TMEM132A	ID_3026	0.00	4.58	5.92	5.87	7.13
	1.00	TMEM147	ID_3030	0.00	2.93	4.11	4.23	5.01
	1.00	TMEM14A	ID_3031	0.00	3.52	5.04	5.58	6.04
	1.00	TMEM171	ID_3037	0.00	5.15	6.61	6.67	7.31
	1.00	TMEM182	ID_3038	0.00	3.62	5.49	6.00	6.25
	1.00	TMEM184A	ID_3039	0.00	5.08	6.43	6.78	7.26
	1.00	TMEM200B	ID_3042	0.00	5.63	7.20	7.24	8.00
	1.00	TMEM237	ID_3048	0.00	5.58	7.07	7.31	7.71
	1.00	TMEM241	ID_3050	0.00	5.44	6.87	7.29	7.71
	1.00	TMEM256	ID_3053	0.00	2.55	3.62	3.30	4.50
	1.00	TMEM30B	ID_3056	0.00	6.49	8.30	8.79	9.06
	1.00	TMEM54	ID_3062	0.00	5.76	6.92	7.11	7.72
	1.00	TMEM86A	ID_3064	0.00	4.44	6.13	6.30	6.73
	1.00	TMEM97	ID_3066	0.00	4.53	5.96	6.56	7.17
	1.00	TMPRSS11E	ID_3069	0.00	7.01	8.58	9.23	9.32
	1.00	TMPRSS13	ID_3070	0.00	4.16	5.67	6.17	6.43
	1.00	TMPRSS2	ID_3071	0.00	6.22	8.12	8.17	8.92
	1.00	TMPRSS4	ID_3072	0.00	5.94	7.60	7.60	8.23
	1.00	TNFRSF21	ID_3080	0.00	6.66	8.28	8.89	9.63
	1.00	TNFSF9	ID_3081	0.00	4.91	6.19	6.58	6.98
	1.00	TNKS1BP1	ID_3082	0.00	6.19	7.93	8.13	8.47
	1.00	TNNT1	ID_3083	0.00	4.89	6.13	6.62	7.17
	1.00	TNS2	ID_3084	0.00	6.56	8.14	8.58	8.57
	1.00	TNS3	ID_3085	0.00	3.97	5.75	6.23	6.51
	1.00	TNS4	ID_3086	0.00	8.34	9.97	11.03	10.51
	1.00	TOM1L1	ID_3088	0.00	8.63	10.22	10.96	10.91
	1.00	TOMM20P4	ID_3090	0.00	2.91	4.52	4.46	5.26
	1.00	TONSL	ID_3094	0.00	2.86	4.16	4.23	5.05
	1.00	TOP2A	ID_3096	0.00	6.02	7.38	8.23	8.53
	1.00	TP53I3	ID_3098	0.00	3.69	5.15	5.43	5.76
	1.00	TP63	ID_3099	0.00	4.00	5.19	5.99	5.82
	1.00	TPBG	ID_3100	0.00	6.03	7.77	8.01	8.52
	1.00	TPCN1	ID_3101	0.00	2.91	4.33	4.50	4.99
	1.00	TPD52	ID_3102	0.00	4.36	5.95	6.55	7.11
	1.00	TPD52L1	ID_3103	0.00	8.19	9.89	10.19	10.58
	1.00	TPRN	ID_3105	0.00	2.95	4.30	4.16	4.96
	1.00	TPX2	ID_3106	0.00	8.45	9.03	9.53	9.30
	1.00	TRA2B	ID_3107	0.00	1.61	2.19	2.35	2.78
	1.00	TRAF3IP1	ID_3108	0.00	3.17	4.67	5.14	5.12
	1.00	TRAF4	ID_3109	0.00	5.56	6.95	6.99	7.82
	1.00	TRIB3	ID_3111	0.00	3.33	4.95	5.19	5.63
	1.00	TRIM16	ID_3112	0.00	4.10	5.68	6.11	6.93
	1.00	TRIM16L	ID_3113	0.00	4.07	5.52	5.90	6.83
	1.00	TRIM2	ID_3114	0.00	6.03	7.78	8.47	8.92
	1.00	TRIM29	ID_3115	0.00	8.12	8.96	9.59	9.35
	1.00	TRIO	ID_3121	0.00	3.61	5.25	5.77	5.91
	1.00	TRIP10	ID_3122	0.00	5.24	6.71	7.22	7.38
	1.00	TRIP13	ID_3123	0.00	6.06	6.89	7.34	7.79
	1.00	TRMT5	ID_3125	0.00	4.17	5.81	6.35	6.48
	1.00	TRMT61A	ID_3127	0.00	4.82	6.33	6.23	7.15
	1.00	TRMT61B	ID_3128	0.00	2.60	4.07	4.27	4.56
	1.00	TROAP	ID_3130	0.00	7.98	8.67	8.78	8.92
	1.00	TRUB2	ID_3133	0.00	3.67	5.10	5.52	5.98
	1.00	TSPAN1	ID_3138	0.00	6.88	8.42	8.78	9.68
	1.00	TSPAN15	ID_3140	0.00	5.40	6.97	7.24	8.33
	1.00	TSPAN3	ID_3142	0.00	3.08	4.74	5.02	5.36
	1.00	TSPAN4	ID_3143	0.00	4.36	5.74	6.12	6.74
	1.00	TSPAN5	ID_3144	0.00	3.49	5.07	5.58	5.89
	1.00	TSPAN6	ID_3145	0.00	7.59	9.23	9.58	10.05
	1.00	TSPYL2	ID_3147	0.00	2.07	2.50	2.61	2.51
	1.00	TSR1	ID_3148	0.00	3.25	4.72	5.13	5.51
	1.00	TTC27	ID_3152	0.00	3.21	4.67	5.04	5.50
	1.00	TTC39A	ID_3154	0.00	4.12	5.68	5.83	6.25
	1.00	TTC3P1	ID_3155	0.00	5.08	7.16	7.33	7.26
	1.00	TTLL11	ID_3159	0.00	3.06	4.34	4.82	5.09
	1.00	TUBB2B	ID_3162	0.00	3.91	4.32	5.04	5.36
	1.00	TUBG1	ID_3165	0.00	4.97	6.47	6.96	7.10
	1.00	TULP3	ID_3167	0.00	2.90	4.31	4.99	4.96
	1.00	TULP4	ID_3168	0.00	3.15	4.86	5.44	5.28
	1.00	TWISTNB	ID_3170	0.00	3.78	5.38	5.65	5.88
	1.00	TXNRD3	ID_3172	0.00	4.70	6.32	6.88	7.22
	1.00	TYMS	ID_3173	0.00	3.62	4.58	4.98	5.45
	1.00	TYRO3	ID_3174	0.00	5.81	7.47	7.83	8.38
	1.00	UACA	ID_3176	0.00	7.75	9.36	10.10	9.73
	1.00	UAP1	ID_3177	0.00	2.62	3.77	4.30	4.36
	1.00	UBE2E2	ID_3180	0.00	5.72	7.09	8.04	7.95
	1.00	UBE2S	ID_3182	0.00	3.02	3.17	3.03	3.30
	1.00	UBE2SP2	ID_3183	0.00	4.39	4.81	4.86	5.25
	1.00	UBXN10	ID_3187	0.00	3.77	5.44	5.37	5.90
	1.00	UCA1	ID_3188	0.00	9.54	10.91	11.92	11.64
	1.00	UCK2	ID_3189	0.00	4.96	6.53	7.16	7.56
	1.00	UGGT2	ID_3192	0.00	4.14	5.95	6.49	6.60
	1.00	UNC13B	ID_3198	0.00	4.44	6.28	6.64	6.70
	1.00	UQCC3	ID_3203	0.00	2.45	3.38	3.50	4.25
	1.00	URB1	ID_3206	0.00	3.76	5.34	5.59	5.93
	1.00	URB2	ID_3208	0.00	3.32	4.86	5.17	5.72
	1.00	URGCP	ID_3209	0.00	3.10	4.40	4.79	5.07
	1.00	USP13	ID_3211	0.00	4.03	5.44	5.99	6.04
	1.00	USP40	ID_3216	0.00	3.83	5.41	5.76	5.91
	1.00	USP43	ID_3217	0.00	5.26	6.79	6.94	7.62
	1.00	USP46	ID_3218	0.00	3.10	4.94	5.25	5.58
	1.00	USP54	ID_3220	0.00	4.65	6.45	6.81	6.61
	1.00	UTP11	ID_3222	0.00	3.09	4.62	5.36	5.38
	1.00	UTP4	ID_3229	0.00	4.11	5.57	6.19	6.46
	1.00	VANGL1	ID_3232	0.00	3.69	5.49	6.18	6.32
	1.00	VARS	ID_3233	0.00	4.02	5.47	5.78	6.26
	1.00	VASN	ID_3235	0.00	3.08	4.49	4.40	4.75
	1.00	VAT1	ID_3236	0.00	3.31	4.77	5.30	5.77
	1.00	VAV2	ID_3237	0.00	4.69	6.18	6.69	7.06
	1.00	VEGFC	ID_3242	0.00	4.21	5.38	6.25	6.31
	1.00	VEPH1	ID_3243	0.00	4.09	5.54	5.97	5.78
	1.00	VEZT	ID_3244	0.00	3.51	5.13	5.78	5.67
	1.00	VSTM2L	ID_3249	0.00	9.09	10.59	10.95	11.36
	1.00	VXN	ID_3254	0.00	4.09	4.57	4.22	3.77
	1.00	WARS2	ID_3255	0.00	4.37	6.10	6.72	6.93
	1.00	WARS2-AS1	ID_3256	0.00	3.01	4.89	5.13	5.43
	1.00	WASF1	ID_3257	0.00	4.77	7.09	7.81	7.54
	1.00	WASL	ID_3259	0.00	4.11	5.85	6.62	6.63
	1.00	WDHD1	ID_3261	0.00	3.71	5.26	5.66	6.02
	1.00	WDR31	ID_3264	0.00	4.51	5.86	6.32	6.63
	1.00	WDR34	ID_3265	0.00	3.02	4.36	4.55	5.26
	1.00	WDR43	ID_3268	0.00	3.44	4.88	5.66	5.79
	1.00	WDR62	ID_3271	0.00	2.38	3.61	3.42	4.15
	1.00	WDR66	ID_3272	0.00	3.21	4.61	4.96	5.34
	1.00	WDSUB1	ID_3276	0.00	2.34	3.57	3.64	3.94
	1.00	WDYHV1	ID_3277	0.00	4.33	5.79	6.14	6.81
	1.00	WFDC12	ID_3279	0.00	3.81	5.65	6.34	6.37
	1.00	WFDC2	ID_3280	0.00	4.88	6.25	6.11	7.26
	1.00	WFS1	ID_3281	0.00	5.42	7.06	7.57	8.24
	1.00	WNK4	ID_3282	0.00	4.20	5.53	5.53	6.44
	1.00	WNT3	ID_3283	0.00	6.00	7.36	7.98	8.50
	1.00	WWC1	ID_3287	0.00	6.61	8.23	8.67	9.03
	1.00	WWC2	ID_3288	0.00	3.95	5.85	6.52	6.33
	1.00	WWOX	ID_3289	0.00	3.08	4.12	4.55	5.12
	1.00	WWTR1	ID_3290	0.00	5.05	6.82	7.61	8.08
	1.00	XBP1	ID_3293	0.00	3.05	4.17	4.17	4.30
	1.00	XDH	ID_3294	0.00	7.15	8.79	8.81	9.62
	1.00	XKRX	ID_3296	0.00	7.19	9.09	9.42	9.43
	1.00	XPO5	ID_3297	0.00	3.15	4.85	5.36	5.42
	1.00	XYLB	ID_3300	0.00	3.77	5.53	5.92	6.20
	1.00	YAP1	ID_3301	0.00	9.77	11.42	12.07	12.17
	1.00	YARS	ID_3302	0.00	3.56	5.19	5.64	5.80
	1.00	YARS2	ID_3303	0.00	3.68	5.01	4.97	5.95
	1.00	YES1	ID_3307	0.00	4.04	5.42	5.98	6.15
	1.00	YIF1A	ID_3308	0.00	3.95	5.34	5.63	6.29
	1.00	YIPF2	ID_3309	0.00	3.37	4.57	5.00	5.49
	1.00	Z68871.1	ID_3314	0.00	4.17	5.69	6.03	5.88
	1.00	Z73417.1	ID_3315	0.00	4.55	7.14	7.32	7.15
	1.00	Z95115.1	ID_3316	0.00	3.70	5.60	5.74	6.41
	1.00	Z98257.1	ID_3317	0.00	7.56	9.08	9.00	9.91
	1.00	ZBED8	ID_3318	0.00	3.67	5.21	5.30	5.93
	1.00	ZBTB10	ID_3319	0.00	3.76	5.01	5.47	5.31
	1.00	ZC2HC1A	ID_3326	0.00	3.24	4.84	5.40	5.40
	1.00	ZC2HC1C	ID_3327	0.00	2.43	3.85	4.06	4.08
	1.00	ZC3HC1	ID_3329	0.00	3.15	4.45	4.59	5.19
	1.00	ZDHHC9	ID_3333	0.00	5.05	6.66	7.44	7.76
	1.00	ZFAND1	ID_3334	0.00	3.04	4.49	5.13	5.24
	1.00	ZFPM2-AS1	ID_3339	0.00	6.60	8.26	8.46	8.79
	1.00	ZFYVE9	ID_3340	0.00	5.48	7.38	7.68	7.69
	1.00	ZHX1	ID_3342	0.00	3.32	4.83	5.56	5.42
	1.00	ZKSCAN2	ID_3344	0.00	2.69	4.13	4.43	4.69
	1.00	ZNF112	ID_3346	0.00	4.25	6.23	6.39	6.91
	1.00	ZNF135	ID_3349	0.00	3.71	5.16	5.48	5.68
	1.00	ZNF165	ID_3351	0.00	5.86	6.83	7.00	8.00
	1.00	ZNF205	ID_3352	0.00	5.81	6.76	6.88	7.48
	1.00	ZNF23	ID_3353	0.00	2.91	3.93	4.04	4.49
	1.00	ZNF239	ID_3354	0.00	3.85	5.28	5.70	5.88
	1.00	ZNF331	ID_3358	0.00	2.24	3.20	3.38	3.63
	1.00	ZNF433	ID_3364	0.00	2.79	3.80	4.22	4.43
	1.00	ZNF470	ID_3366	0.00	2.87	4.06	4.51	4.80
	1.00	ZNF471	ID_3367	0.00	3.34	5.12	5.72	5.87
	1.00	ZNF503	ID_3369	0.00	4.70	6.82	7.13	7.58
	1.00	ZNF532	ID_3372	0.00	4.79	6.26	6.99	6.72
	1.00	ZNF571-AS1	ID_3377	0.00	3.04	4.96	5.21	5.48
	1.00	ZNF579	ID_3378	0.00	3.10	3.86	4.36	5.04
	1.00	ZNF584	ID_3379	0.00	2.93	4.31	4.49	5.18
	1.00	ZNF610	ID_3380	0.00	5.11	6.02	6.47	6.89
	1.00	ZNF664	ID_3382	0.00	3.36	5.06	5.59	5.69
	1.00	ZNF665	ID_3383	0.00	2.75	3.91	4.11	4.66
	1.00	ZNF702P	ID_3386	0.00	5.32	6.72	7.34	7.53
	1.00	ZNF77	ID_3391	0.00	3.65	4.28	4.71	4.70
	1.00	ZNF774	ID_3392	0.00	4.21	6.15	6.71	6.75
	1.00	ZNF826P	ID_3393	0.00	3.82	5.22	5.39	5.73
	1.00	ZNF829	ID_3394	0.00	2.48	3.52	4.06	4.09
	1.00	ZNF860	ID_3395	0.00	4.49	6.21	6.68	6.68
	1.00	ZNF876P	ID_3396	0.00	2.93	4.12	4.49	4.78
	1.00	ZNHIT2	ID_3397	0.00	3.25	4.51	4.61	5.26
	1.00	ZNHIT6	ID_3398	0.00	3.69	5.53	6.42	6.41
	1.00	ZSCAN12P1	ID_3402	0.00	6.32	7.60	8.09	8.39
	1.00	ZSCAN20	ID_3403	0.00	2.95	4.25	4.70	5.09
	1.00	ZSCAN21	ID_3404	0.00	2.72	3.51	3.87	4.07
	1.00	ZSCAN31	ID_3405	0.00	3.84	4.95	5.59	6.34
	1.00	ZUP1	ID_3406	0.00	1.82	2.42	2.98	2.80
	1.00	ZWILCH	ID_3407	0.00	2.58	3.84	4.16	4.46
	1.00	ZWINT	ID_3408	0.00	5.74	6.73	6.90	7.64
	1.00	ZYG11A	ID_3410	0.00	4.43	5.57	6.08	6.20
