Gene Table for Profile 41 (0.0,1.0,2.0,3.0,4.0)
Num. Genes Expected	Num. Genes Assigned	P-Value	Significant
992.0	13.8	0.00	 (significant)
-------
Selected	Weight	Geneid	SPOT	Blood	1 hour	2 hours	4 hours	6 hours
	1.00	AACS	ID_1	0.00	1.96	3.34	3.47	4.14
	1.00	AAMDC	ID_3	0.00	2.34	3.12	3.88	3.92
	1.00	AASS	ID_5	0.00	2.88	4.60	5.15	5.30
	1.00	ABCA4	ID_9	0.00	3.55	5.22	5.51	7.13
	1.00	ABCE1	ID_13	0.00	3.40	5.11	5.79	6.08
	1.00	ABCF1	ID_14	0.00	1.89	3.22	3.63	3.72
	1.00	ABCF2	ID_15	0.00	2.94	4.49	5.01	5.36
	1.00	ABHD12	ID_17	0.00	2.42	3.82	4.01	4.48
	1.00	ABL2	ID_18	0.00	2.10	3.32	3.86	4.16
	1.00	AC006504.5	ID_34	0.00	2.14	3.35	3.90	4.25
	1.00	AC007318.1	ID_35	0.00	1.85	2.93	2.92	3.57
	1.00	AC008038.1	ID_38	0.00	2.28	3.50	4.00	4.52
	1.00	AC010343.1	ID_55	0.00	2.14	3.53	4.37	4.28
	1.00	AC010442.1	ID_56	0.00	2.18	3.76	3.69	4.74
	1.00	AC010761.1	ID_60	0.00	2.21	3.43	3.74	4.30
	1.00	AC022149.1	ID_72	0.00	2.74	4.02	4.92	4.75
	1.00	AC027031.2	ID_78	0.00	2.94	4.20	4.54	5.59
	1.00	AC074143.1	ID_84	0.00	2.31	3.71	4.02	4.91
	1.00	AC116533.1	ID_117	0.00	2.42	3.66	4.19	4.65
	1.00	AC118549.1	ID_118	0.00	2.63	3.97	4.55	4.68
	1.00	AC141586.1	ID_127	0.00	1.75	2.44	2.98	2.98
	1.00	ACAT1	ID_131	0.00	2.86	4.55	4.94	5.25
	1.00	ACAT2	ID_132	0.00	1.90	3.38	3.68	4.06
	1.00	ACP1	ID_137	0.00	2.36	3.84	4.33	4.62
	1.00	ACSF2	ID_138	0.00	2.27	3.80	4.08	4.35
	1.00	ACTG1	ID_140	0.00	1.85	2.81	3.20	3.55
	1.00	ACVR1	ID_143	0.00	2.45	4.11	4.48	5.06
	1.00	ADCK2	ID_148	0.00	2.56	4.07	4.03	4.77
	1.00	ADK	ID_159	0.00	2.26	3.70	4.13	4.40
	1.00	ADO	ID_161	0.00	2.33	3.65	4.14	4.46
	1.00	AEN	ID_166	0.00	2.78	4.18	4.54	5.27
	1.00	AFAP1	ID_168	0.00	2.94	4.57	5.15	5.40
	1.00	AFDN	ID_170	0.00	1.96	3.37	3.81	3.82
	1.00	AGA	ID_173	0.00	1.72	2.74	3.11	3.33
	1.00	AGBL5	ID_175	0.00	2.18	3.09	3.56	3.84
	1.00	AGPS	ID_176	0.00	2.55	4.15	4.69	4.92
	1.00	AIFM1	ID_185	0.00	1.93	3.50	3.88	4.28
	1.00	AIG1	ID_186	0.00	1.85	3.05	3.65	3.91
	1.00	AIMP1	ID_187	0.00	2.35	3.74	4.39	4.63
	1.00	AIMP2	ID_188	0.00	2.97	4.56	5.35	5.45
	1.00	AK3	ID_190	0.00	2.53	3.84	4.51	4.73
	1.00	AKAP1	ID_193	0.00	3.34	5.14	5.53	5.98
	1.00	AKR1A1	ID_195	0.00	2.22	3.46	3.69	4.54
	1.00	AKR1B1	ID_196	0.00	2.30	3.65	3.85	4.70
	1.00	AKR1C3	ID_197	0.00	1.91	2.65	3.30	4.21
	1.00	AKR7A2	ID_199	0.00	2.48	3.86	4.22	4.85
	1.00	AL121944.1	ID_210	0.00	2.36	3.85	3.68	4.64
	1.00	AL390719.1	ID_227	0.00	2.69	4.53	4.14	5.50
	1.00	ALCAM	ID_239	0.00	2.13	3.88	4.38	4.48
	1.00	ALDH18A1	ID_240	0.00	2.87	4.44	4.85	5.23
	1.00	ALDH4A1	ID_244	0.00	2.73	4.14	4.35	5.12
	1.00	ALDH5A1	ID_245	0.00	3.11	4.82	5.23	5.77
	1.00	ALG3	ID_248	0.00	3.10	4.72	5.12	5.70
	1.00	ALG5	ID_249	0.00	2.01	3.38	3.69	4.26
	1.00	ALG8	ID_250	0.00	3.19	4.76	5.26	5.75
	1.00	ALKBH2	ID_251	0.00	2.80	4.67	4.73	5.63
	1.00	ALKBH8	ID_252	0.00	2.55	4.09	4.68	5.10
	1.00	ALS2CL	ID_258	0.00	2.25	3.29	3.28	4.10
	1.00	ALYREF	ID_259	0.00	2.23	3.44	3.63	4.09
	1.00	ANAPC1	ID_262	0.00	2.36	3.69	4.14	4.31
	1.00	ANKRD13C	ID_267	0.00	2.41	3.82	4.51	4.63
	1.00	ANKRD18A	ID_268	0.00	1.97	2.94	3.31	3.48
	1.00	ANKRD24	ID_269	0.00	2.73	4.64	4.79	5.35
	1.00	ANKRD40	ID_270	0.00	2.78	4.25	4.88	5.07
	1.00	ANKRD42	ID_271	0.00	1.74	2.98	2.97	3.48
	1.00	AP1AR	ID_285	0.00	3.04	4.66	5.15	5.46
	1.00	AP1S3	ID_288	0.00	2.79	4.45	5.22	5.36
	1.00	AP3M2	ID_289	0.00	2.14	3.54	3.96	4.47
	1.00	APEX1	ID_291	0.00	2.47	3.83	4.28	4.88
	1.00	APEX2	ID_292	0.00	1.69	3.16	3.49	4.02
	1.00	APOOL	ID_294	0.00	3.19	4.77	5.42	5.74
	1.00	APRT	ID_296	0.00	2.70	4.07	4.10	4.99
	1.00	APTX	ID_297	0.00	2.27	3.52	3.99	4.23
	1.00	ARF4	ID_300	0.00	1.58	2.67	2.98	3.12
	1.00	ARFGEF2	ID_301	0.00	2.29	3.90	4.38	4.62
	1.00	ARL1	ID_327	0.00	2.89	4.39	5.08	5.38
	1.00	ARMC1	ID_332	0.00	2.40	3.79	4.37	4.80
	1.00	ARMCX5	ID_334	0.00	2.47	3.73	4.23	4.45
	1.00	ASB13	ID_342	0.00	2.54	4.27	4.46	5.16
	1.00	ATAD2	ID_350	0.00	2.39	3.93	4.37	4.56
	1.00	ATL3	ID_357	0.00	2.30	4.12	4.57	4.97
	1.00	ATP13A2	ID_358	0.00	2.57	3.98	4.31	4.77
	1.00	ATP2A2	ID_364	0.00	2.80	4.46	4.86	5.38
	1.00	ATP5MC1	ID_367	0.00	2.08	3.53	3.84	4.70
	1.00	ATP5MC3	ID_368	0.00	2.48	3.86	4.22	4.74
	1.00	ATP6V0E2	ID_370	0.00	2.03	3.27	3.61	4.27
	1.00	ATP9A	ID_372	0.00	2.83	4.56	4.93	5.31
	1.00	ATXN10	ID_373	0.00	2.62	4.14	4.41	4.83
	1.00	AURKB	ID_375	0.00	2.08	2.88	3.50	4.19
	1.00	B3GALT6	ID_381	0.00	2.16	3.31	3.68	4.22
	1.00	B4GALT7	ID_388	0.00	2.06	3.18	3.63	4.21
	1.00	BAG2	ID_393	0.00	2.50	3.51	4.42	4.65
	1.00	BARD1	ID_397	0.00	2.56	3.99	4.50	4.93
	1.00	BCCIP	ID_405	0.00	2.40	3.59	4.03	4.34
	1.00	BIVM	ID_417	0.00	2.46	4.13	4.12	5.02
	1.00	BLM	ID_418	0.00	1.71	2.90	3.47	3.70
	1.00	BOD1	ID_427	0.00	2.53	4.26	4.41	4.87
	1.00	BPNT1	ID_432	0.00	1.91	3.20	3.71	4.08
	1.00	BRIP1	ID_434	0.00	2.87	4.43	4.72	5.43
	1.00	BUD23	ID_444	0.00	1.83	3.09	3.43	4.00
	1.00	BYSL	ID_446	0.00	2.75	4.14	4.45	4.91
	1.00	BZW2	ID_447	0.00	2.89	4.25	4.76	5.09
	1.00	C11ORF95	ID_452	0.00	2.60	3.72	3.93	4.61
	1.00	C12ORF29	ID_453	0.00	2.70	4.25	4.76	5.06
	1.00	C12ORF73	ID_454	0.00	1.96	3.35	3.78	4.19
	1.00	C16ORF58	ID_456	0.00	1.95	3.19	3.55	4.01
	1.00	C17ORF75	ID_462	0.00	2.51	4.16	4.29	4.78
	1.00	C1QBP	ID_464	0.00	3.22	4.75	5.19	5.70
	1.00	C1ORF109	ID_465	0.00	2.61	4.12	4.62	5.02
	1.00	C1ORF122	ID_467	0.00	1.75	2.93	3.06	3.80
	1.00	C1ORF216	ID_471	0.00	2.81	3.93	4.27	4.91
	1.00	C1ORF226	ID_472	0.00	2.16	3.75	4.14	4.68
	1.00	C1ORF35	ID_473	0.00	2.16	3.51	3.43	4.00
	1.00	C20ORF27	ID_474	0.00	2.36	3.44	3.60	4.46
	1.00	C3	ID_476	0.00	3.18	4.42	6.23	5.76
	1.00	C4ORF36	ID_481	0.00	2.78	4.17	5.11	5.08
	1.00	CACFD1	ID_496	0.00	1.83	3.54	3.50	4.30
	1.00	CALB2	ID_500	0.00	4.04	5.29	5.79	7.46
	1.00	CALR	ID_501	0.00	2.12	3.43	4.06	4.66
	1.00	CAND1	ID_508	0.00	1.86	3.29	3.65	4.01
	1.00	CAPN12	ID_510	0.00	2.01	3.23	3.08	4.25
	1.00	CASD1	ID_520	0.00	2.82	4.87	5.21	5.66
	1.00	CASK	ID_521	0.00	2.23	3.93	4.60	4.67
	1.00	CCDC124	ID_535	0.00	2.30	3.36	3.65	4.22
	1.00	CCDC127	ID_536	0.00	2.61	4.20	4.63	5.17
	1.00	CCDC40	ID_540	0.00	2.63	4.23	4.53	5.10
	1.00	CCDC51	ID_541	0.00	2.50	4.00	4.16	4.64
	1.00	CCDC58	ID_542	0.00	2.32	3.89	4.69	4.90
	1.00	CCT4	ID_562	0.00	2.67	4.18	4.50	4.98
	1.00	CCT6A	ID_563	0.00	2.29	3.67	4.12	4.57
	1.00	CCT7	ID_564	0.00	1.89	3.22	3.62	4.08
	1.00	CCT8	ID_565	0.00	2.18	3.57	4.01	4.33
	1.00	CD2AP	ID_571	0.00	2.34	3.88	4.58	4.66
	1.00	CD81	ID_574	0.00	2.09	3.45	3.49	4.44
	1.00	CDC6	ID_586	0.00	2.46	3.64	4.12	5.14
	1.00	CDCA4	ID_589	0.00	2.20	3.47	3.59	4.37
	1.00	CDCA7	ID_591	0.00	2.45	4.03	4.54	5.62
	1.00	CDH24	ID_596	0.00	2.54	4.43	4.54	5.43
	1.00	CDK18	ID_599	0.00	2.70	4.47	4.69	5.80
	1.00	CDK5	ID_601	0.00	2.33	3.89	4.06	4.75
	1.00	CELSR2	ID_618	0.00	1.96	3.44	3.74	4.67
	1.00	CENPH	ID_623	0.00	3.17	4.57	5.09	5.64
	1.00	CENPM	ID_626	0.00	3.00	3.95	4.64	5.62
	1.00	CENPO	ID_628	0.00	1.83	2.79	3.47	3.99
	1.00	CENPX	ID_631	0.00	2.05	3.34	3.55	4.27
	1.00	CEP85	ID_641	0.00	1.81	2.91	3.30	3.54
	1.00	CFAP20	ID_644	0.00	1.62	2.36	2.60	2.87
	1.00	CFAP97	ID_646	0.00	2.83	4.49	5.43	5.27
	1.00	CHAF1B	ID_653	0.00	1.75	2.72	3.13	3.81
	1.00	CHCHD7	ID_658	0.00	1.66	2.95	3.42	3.62
	1.00	CHIC1	ID_660	0.00	2.04	3.29	3.84	4.15
	1.00	CHML	ID_663	0.00	2.55	4.33	4.98	5.06
	1.00	CISD3	ID_669	0.00	2.54	4.15	4.62	5.12
	1.00	CKAP5	ID_672	0.00	2.67	4.11	4.79	4.80
	1.00	CLBA1	ID_676	0.00	1.74	3.15	2.99	3.66
	1.00	CLCN2	ID_678	0.00	2.72	3.92	4.00	4.87
	1.00	CLIC2	ID_685	0.00	2.00	3.27	3.27	3.77
	1.00	CLIP4	ID_687	0.00	3.09	4.59	5.25	5.54
	1.00	CLNS1A	ID_688	0.00	2.94	4.42	4.96	5.25
	1.00	CLPB	ID_690	0.00	2.91	4.49	4.72	5.46
	1.00	CLSTN1	ID_691	0.00	2.11	3.49	4.05	4.32
	1.00	CMAS	ID_693	0.00	2.39	4.04	4.21	4.85
	1.00	CMPK1	ID_695	0.00	1.95	3.33	3.85	4.24
	1.00	CMTM8	ID_698	0.00	2.77	4.35	4.64	5.02
	1.00	CMTR2	ID_699	0.00	2.54	3.89	4.33	4.78
	1.00	CNIH1	ID_700	0.00	2.08	3.51	4.08	4.40
	1.00	CNTLN	ID_704	0.00	2.19	3.35	3.76	3.92
	1.00	COA3	ID_705	0.00	2.41	3.52	3.77	4.43
	1.00	COA6	ID_707	0.00	1.66	3.21	3.25	4.00
	1.00	COMT	ID_718	0.00	2.58	4.20	4.27	5.05
	1.00	COPG2	ID_719	0.00	2.12	3.43	3.83	4.18
	1.00	COPRS	ID_720	0.00	2.35	4.06	4.22	4.60
	1.00	COPS4	ID_721	0.00	2.18	3.49	4.05	4.11
	1.00	COPS8	ID_722	0.00	2.36	3.76	4.11	4.51
	1.00	COX10	ID_724	0.00	2.64	4.19	4.59	5.00
	1.00	COX5A	ID_726	0.00	2.19	3.44	3.83	4.28
	1.00	COX6C	ID_727	0.00	2.15	3.37	3.45	4.16
	1.00	CREB3	ID_738	0.00	1.85	3.06	3.41	3.64
	1.00	CREB3L2	ID_740	0.00	2.06	3.77	4.32	4.59
	1.00	CRY1	ID_743	0.00	1.54	2.51	2.77	2.97
	1.00	CRYL1	ID_745	0.00	2.11	3.40	3.78	4.33
	1.00	CSE1L	ID_746	0.00	2.05	3.39	4.10	4.24
	1.00	CSNK1E	ID_749	0.00	1.63	2.94	3.13	3.89
	1.00	CSNK2A2	ID_750	0.00	2.10	3.47	3.83	3.99
	1.00	CSTF2	ID_753	0.00	2.73	4.17	4.55	4.91
	1.00	CTNNA1	ID_761	0.00	1.71	3.06	3.46	3.72
	1.00	CTPS2	ID_765	0.00	2.32	3.88	4.24	4.72
	1.00	CTU2	ID_771	0.00	2.17	3.21	3.39	4.19
	1.00	CUTA	ID_772	0.00	1.99	3.24	3.59	4.19
	1.00	CYB5B	ID_781	0.00	1.58	2.64	3.22	3.37
	1.00	CYC1	ID_782	0.00	2.28	3.45	3.61	4.22
	1.00	CYCS	ID_783	0.00	3.02	4.38	4.97	5.38
	1.00	CYTH3	ID_791	0.00	2.16	3.54	3.87	4.19
	1.00	DARS	ID_796	0.00	2.21	3.61	4.05	4.30
	1.00	DARS2	ID_797	0.00	2.62	4.06	4.53	4.85
	1.00	DCAF4	ID_802	0.00	3.08	4.57	5.18	5.67
	1.00	DCLRE1A	ID_805	0.00	2.43	3.95	4.42	4.54
	1.00	DCTD	ID_806	0.00	2.68	4.07	4.55	4.87
	1.00	DCTPP1	ID_808	0.00	2.71	4.19	4.32	5.36
	1.00	DDB1	ID_811	0.00	1.79	3.17	3.52	4.02
	1.00	DDOST	ID_815	0.00	2.12	3.48	3.77	4.32
	1.00	DDX1	ID_818	0.00	2.57	4.15	4.52	4.74
	1.00	DDX11	ID_820	0.00	1.84	3.11	3.42	4.05
	1.00	DDX18	ID_822	0.00	1.92	3.26	3.81	4.03
	1.00	DDX19A	ID_823	0.00	1.87	3.08	3.53	3.83
	1.00	DDX27	ID_825	0.00	1.67	2.74	3.11	3.27
	1.00	DDX52	ID_829	0.00	2.06	3.42	4.08	4.20
	1.00	DENND6B	ID_833	0.00	2.61	3.63	3.95	4.69
	1.00	DERA	ID_838	0.00	1.57	2.86	3.04	3.56
	1.00	DERL1	ID_839	0.00	2.52	3.96	4.42	4.77
	1.00	DFFA	ID_840	0.00	2.21	3.91	4.30	4.84
	1.00	DHX35	ID_847	0.00	2.08	3.46	3.80	4.44
	1.00	DHX57	ID_848	0.00	2.41	3.78	4.43	4.54
	1.00	DKC1	ID_851	0.00	2.04	3.45	3.97	4.24
	1.00	DNAAF5	ID_862	0.00	2.68	4.19	4.40	4.88
	1.00	DNAJB11	ID_866	0.00	1.53	2.42	2.71	3.14
	1.00	DNAJC10	ID_868	0.00	1.72	3.26	3.67	4.00
	1.00	DNAJC11	ID_869	0.00	2.33	3.64	4.15	4.42
	1.00	DNAL1	ID_875	0.00	1.88	3.73	4.12	4.55
	1.00	DOC2A	ID_879	0.00	3.64	5.48	5.55	7.02
	1.00	DPCD	ID_885	0.00	2.73	4.50	4.80	5.24
	1.00	DPH1	ID_886	0.00	2.24	3.00	3.48	4.07
	1.00	DPH2	ID_887	0.00	2.79	4.27	4.44	5.21
	1.00	DPP3	ID_888	0.00	2.23	3.82	3.94	4.68
	1.00	DPP4	ID_889	0.00	2.69	4.45	4.98	5.31
	1.00	DROSHA	ID_891	0.00	2.50	3.85	4.47	4.55
	1.00	DTL	ID_897	0.00	3.67	5.49	6.46	6.92
	1.00	DUS4L	ID_899	0.00	2.47	3.37	3.95	4.48
	1.00	DYNC1I2	ID_906	0.00	2.98	4.63	5.28	5.35
	1.00	DYNC2H1	ID_907	0.00	2.27	4.17	4.35	4.62
	1.00	DYNC2LI1	ID_908	0.00	2.35	3.57	4.19	4.83
	1.00	DZANK1	ID_910	0.00	1.74	2.70	2.95	3.22
	1.00	E2F1	ID_911	0.00	3.47	4.95	5.32	6.45
	1.00	E2F6	ID_912	0.00	1.95	3.45	3.54	4.10
	1.00	EBP	ID_918	0.00	2.28	3.65	3.82	4.73
	1.00	ECHS1	ID_920	0.00	2.37	3.67	3.88	4.44
	1.00	ECI1	ID_921	0.00	2.52	3.93	3.79	4.76
	1.00	ECSIT	ID_922	0.00	2.36	3.50	3.84	4.28
	1.00	EEF2	ID_932	0.00	2.07	3.32	3.79	4.29
	1.00	EIF2A	ID_944	0.00	2.51	3.89	4.48	4.64
	1.00	EIF2AK4	ID_945	0.00	2.32	3.79	4.41	4.47
	1.00	EIF2B2	ID_946	0.00	2.60	3.90	4.37	4.65
	1.00	EIF2B3	ID_947	0.00	2.93	4.36	4.76	5.18
	1.00	EIF2S1	ID_948	0.00	2.77	4.34	4.94	5.19
	1.00	EIF2S2	ID_949	0.00	1.98	3.45	4.03	4.10
	1.00	EIF2S2P4	ID_950	0.00	2.56	4.19	4.56	4.73
	1.00	EIF3B	ID_951	0.00	2.47	3.85	4.15	4.71
	1.00	EIF3E	ID_953	0.00	2.72	4.24	4.80	5.17
	1.00	EIF3H	ID_954	0.00	2.97	4.44	4.93	5.25
	1.00	EIF3J	ID_956	0.00	1.98	3.32	4.01	4.07
	1.00	EIF4G1	ID_959	0.00	2.11	3.48	3.97	4.19
	1.00	EIF5A	ID_960	0.00	1.67	2.88	3.15	3.59
	1.00	EIF6	ID_963	0.00	1.74	2.95	3.44	3.83
	1.00	ELK3	ID_965	0.00	1.95	3.16	4.04	4.13
	1.00	ELMO3	ID_966	0.00	1.80	2.85	2.95	3.72
	1.00	ELOC	ID_967	0.00	1.57	2.53	2.76	3.07
	1.00	ELOVL6	ID_968	0.00	2.67	4.49	5.02	5.44
	1.00	ELOVL7	ID_969	0.00	2.84	4.73	5.42	5.53
	1.00	EMC1	ID_970	0.00	2.72	4.56	5.03	5.41
	1.00	ENO1	ID_977	0.00	2.34	3.63	4.23	4.69
	1.00	ENPP4	ID_980	0.00	2.70	4.64	5.03	5.26
	1.00	ENPP5	ID_981	0.00	2.49	3.95	4.70	4.87
	1.00	ENTPD3	ID_986	0.00	4.09	6.32	6.75	7.75
	1.00	EPAS1	ID_989	0.00	2.85	4.49	5.14	5.33
	1.00	EPB41L4A-AS1	ID_991	0.00	2.25	3.05	2.93	4.13
	1.00	EPHX1	ID_1000	0.00	2.38	3.64	4.22	4.96
	1.00	EPPK1	ID_1003	0.00	2.69	4.03	4.46	4.78
	1.00	ERG28	ID_1013	0.00	2.65	4.42	5.01	5.23
	1.00	ERLEC1	ID_1016	0.00	2.07	3.54	4.11	4.29
	1.00	ESYT2	ID_1024	0.00	2.04	3.51	4.08	4.07
	1.00	EXD2	ID_1032	0.00	2.26	3.64	4.02	4.53
	1.00	EXD3	ID_1033	0.00	2.10	3.12	3.48	3.89
	1.00	EXOC4	ID_1035	0.00	1.68	3.12	3.68	3.82
	1.00	EXOSC7	ID_1037	0.00	2.74	4.01	4.33	4.96
	1.00	EXT1	ID_1039	0.00	2.89	4.40	5.04	5.67
	1.00	EXTL2	ID_1041	0.00	2.44	4.02	4.38	5.06
	1.00	EZR	ID_1043	0.00	2.85	4.42	4.91	5.12
	1.00	FADS3	ID_1047	0.00	1.67	2.95	3.20	3.71
	1.00	FAHD2A	ID_1050	0.00	2.11	3.25	3.85	4.57
	1.00	FAM111B	ID_1053	0.00	4.13	6.05	6.56	7.54
	1.00	FAM114A1	ID_1054	0.00	2.30	3.70	4.31	4.44
	1.00	FAM126A	ID_1055	0.00	2.14	3.57	4.13	4.17
	1.00	FAM136A	ID_1057	0.00	2.17	3.53	3.78	4.33
	1.00	FAM171A2	ID_1063	0.00	3.58	5.58	5.95	6.72
	1.00	FAM171B	ID_1064	0.00	3.81	5.60	6.75	6.71
	1.00	FAM210A	ID_1068	0.00	1.97	3.35	3.73	4.03
	1.00	FAM234B	ID_1072	0.00	2.27	3.80	4.39	5.00
	1.00	FAM98A	ID_1092	0.00	2.47	3.91	4.41	4.81
	1.00	FAM98B	ID_1093	0.00	1.90	3.43	4.11	4.47
	1.00	FANCC	ID_1094	0.00	2.18	3.85	4.53	4.79
	1.00	FARP1	ID_1096	0.00	2.20	3.50	4.00	4.24
	1.00	FARSA	ID_1097	0.00	2.58	3.89	4.28	4.94
	1.00	FASTKD1	ID_1100	0.00	1.76	3.15	3.27	3.97
	1.00	FASTKD2	ID_1101	0.00	2.48	4.14	4.46	4.84
	1.00	FBXO21	ID_1109	0.00	2.69	4.25	4.59	5.13
	1.00	FBXO31	ID_1110	0.00	2.37	3.59	3.97	4.41
	1.00	FBXO41	ID_1113	0.00	2.03	3.24	3.52	4.01
	1.00	FBXO44	ID_1114	0.00	1.74	2.84	3.11	3.71
	1.00	FDX1	ID_1116	0.00	2.62	4.15	4.40	4.93
	1.00	FH	ID_1127	0.00	2.88	4.41	4.79	5.22
	1.00	FITM2	ID_1131	0.00	2.65	4.26	4.73	5.07
	1.00	FKBP14	ID_1134	0.00	2.82	4.32	4.79	5.13
	1.00	FKBP2	ID_1135	0.00	1.58	2.92	3.18	3.64
	1.00	FKBP3	ID_1136	0.00	2.41	3.78	4.44	4.52
	1.00	FKBP4	ID_1137	0.00	2.42	3.92	4.27	4.66
	1.00	FKTN	ID_1139	0.00	2.47	3.88	4.59	4.75
	1.00	FNIP2	ID_1146	0.00	2.12	3.89	4.56	4.64
	1.00	FOXD2-AS1	ID_1151	0.00	3.42	4.95	5.52	6.12
	1.00	FRG1BP	ID_1160	0.00	2.48	3.90	4.86	4.64
	1.00	FTSJ1	ID_1169	0.00	2.01	3.20	3.55	4.19
	1.00	FTSJ3	ID_1170	0.00	1.68	2.84	3.08	3.55
	1.00	FUCA2	ID_1172	0.00	2.61	3.95	4.34	4.80
	1.00	FZD5	ID_1183	0.00	3.54	5.50	5.84	6.42
	1.00	GAMT	ID_1196	0.00	2.61	3.69	4.13	4.77
	1.00	GAN	ID_1197	0.00	2.18	3.75	4.32	4.72
	1.00	GAR1	ID_1198	0.00	2.77	3.96	4.25	4.92
	1.00	GARS	ID_1200	0.00	2.64	4.31	4.86	4.90
	1.00	GATB	ID_1206	0.00	2.74	4.51	4.80	5.04
	1.00	GCFC2	ID_1208	0.00	2.60	4.03	4.65	4.62
	1.00	GCLC	ID_1209	0.00	3.27	4.95	5.65	6.02
	1.00	GCN1	ID_1210	0.00	2.12	3.51	3.57	4.16
	1.00	GCNT2	ID_1211	0.00	2.61	3.93	4.36	4.87
	1.00	GDPGP1	ID_1214	0.00	2.43	3.98	3.95	4.63
	1.00	GEMIN2	ID_1216	0.00	3.06	4.91	5.24	5.74
	1.00	GEMIN4	ID_1217	0.00	1.74	3.12	3.29	3.98
	1.00	GEMIN6	ID_1218	0.00	2.39	4.04	4.34	5.07
	1.00	GEN1	ID_1219	0.00	2.21	2.93	3.15	3.85
	1.00	GLIS3	ID_1232	0.00	1.76	3.07	4.02	3.82
	1.00	GLOD4	ID_1234	0.00	2.23	3.69	4.12	4.44
	1.00	GLRX3	ID_1236	0.00	2.49	3.85	4.18	4.52
	1.00	GLRX5	ID_1237	0.00	1.78	2.78	2.87	3.47
	1.00	GMNN	ID_1238	0.00	1.91	2.96	2.93	3.72
	1.00	GNA12	ID_1240	0.00	2.48	4.09	4.40	4.74
	1.00	GNL3	ID_1246	0.00	2.34	3.72	4.14	4.56
	1.00	GNPDA2	ID_1247	0.00	1.90	3.17	3.68	4.22
	1.00	GOLT1B	ID_1253	0.00	1.93	3.16	3.83	4.41
	1.00	GOSR2	ID_1256	0.00	1.81	3.10	3.41	4.02
	1.00	GPATCH2	ID_1260	0.00	2.75	4.22	4.88	4.95
	1.00	GPLD1	ID_1267	0.00	3.17	5.01	5.43	6.07
	1.00	GPR180	ID_1272	0.00	2.68	4.00	4.70	4.83
	1.00	GPR89A	ID_1276	0.00	2.13	3.14	3.68	4.14
	1.00	GPX4	ID_1283	0.00	1.73	2.72	3.15	3.62
	1.00	GREB1L	ID_1290	0.00	3.42	5.22	5.96	6.06
	1.00	GRHPR	ID_1294	0.00	2.22	3.64	3.97	4.49
	1.00	GRIN2D	ID_1297	0.00	3.17	4.04	4.98	5.50
	1.00	GRSF1	ID_1299	0.00	2.04	3.37	3.73	4.06
	1.00	GRWD1	ID_1301	0.00	3.07	4.56	5.04	5.61
	1.00	GSPT1	ID_1302	0.00	2.49	3.93	4.40	4.63
	1.00	GSS	ID_1303	0.00	2.55	4.07	4.28	4.68
	1.00	GSTP1	ID_1306	0.00	2.52	3.94	4.17	4.77
	1.00	GSTZ1	ID_1307	0.00	2.94	4.47	4.88	5.40
	1.00	GTF2H3	ID_1308	0.00	2.75	4.35	4.87	5.24
	1.00	GTF3C3	ID_1311	0.00	2.57	3.99	4.59	4.64
	1.00	GTF3C6	ID_1312	0.00	2.61	3.87	4.36	4.62
	1.00	GTPBP4	ID_1313	0.00	2.80	4.21	4.87	5.13
	1.00	GUCY1A1	ID_1315	0.00	3.33	4.95	5.31	6.06
	1.00	HACD2	ID_1321	0.00	2.63	4.13	4.58	4.83
	1.00	HACD3	ID_1322	0.00	3.17	4.95	5.37	5.85
	1.00	HAUS2	ID_1326	0.00	1.87	3.27	3.64	4.03
	1.00	HCFC1	ID_1329	0.00	1.85	2.97	3.22	3.57
	1.00	HDAC11	ID_1331	0.00	2.27	3.67	3.92	4.56
	1.00	HDGF	ID_1332	0.00	1.64	2.71	3.26	3.39
	1.00	HEATR1	ID_1334	0.00	2.98	4.56	5.11	5.34
	1.00	HHIPL2	ID_1340	0.00	2.75	4.00	4.38	5.38
	1.00	HIBADH	ID_1342	0.00	2.54	3.88	4.45	4.74
	1.00	HILPDA	ID_1344	0.00	3.22	4.24	4.63	5.79
	1.00	HIP1R	ID_1346	0.00	1.87	2.89	2.94	3.71
	1.00	HLCS	ID_1351	0.00	2.81	4.47	4.94	5.22
	1.00	HLTF	ID_1352	0.00	3.12	4.86	5.47	5.68
	1.00	HMGXB3	ID_1360	0.00	2.40	3.92	4.15	4.54
	1.00	HNRNPAB	ID_1365	0.00	2.07	3.48	3.73	4.34
	1.00	HPF1	ID_1371	0.00	1.79	2.81	3.24	3.45
	1.00	HPGD	ID_1372	0.00	2.52	4.24	4.86	4.86
	1.00	HPRT1	ID_1373	0.00	2.14	3.56	4.09	4.45
	1.00	HSD17B10	ID_1383	0.00	1.84	2.94	3.10	3.63
	1.00	HSD3B7	ID_1386	0.00	2.15	3.73	3.96	4.78
	1.00	HSP90AA2P	ID_1388	0.00	1.53	2.38	2.87	2.90
	1.00	HSP90AB1	ID_1389	0.00	2.77	4.26	4.67	5.10
	1.00	HSP90B1	ID_1391	0.00	1.57	2.51	2.90	3.27
	1.00	HSPA13	ID_1392	0.00	2.18	3.47	3.85	3.99
	1.00	HSPD1	ID_1398	0.00	2.13	3.68	4.05	4.34
	1.00	HYOU1	ID_1404	0.00	3.24	4.85	5.39	5.80
	1.00	IARS2	ID_1406	0.00	2.22	3.75	4.02	4.42
	1.00	IBTK	ID_1407	0.00	2.61	4.18	4.59	4.92
	1.00	IDH1	ID_1411	0.00	1.83	3.52	3.91	4.34
	1.00	IDH3A	ID_1412	0.00	2.37	3.95	4.35	4.57
	1.00	IER3IP1	ID_1413	0.00	2.43	3.83	3.91	4.51
	1.00	IL31RA	ID_1431	0.00	3.70	5.23	6.02	6.43
	1.00	ILVBL	ID_1437	0.00	2.07	2.98	3.03	3.98
	1.00	IMMP1L	ID_1438	0.00	2.49	3.82	4.09	4.58
	1.00	IMP4	ID_1440	0.00	2.20	3.52	3.80	4.51
	1.00	IMPAD1	ID_1441	0.00	2.32	3.80	4.38	4.74
	1.00	IMPDH2	ID_1442	0.00	1.85	3.22	3.59	4.16
	1.00	INTS14	ID_1445	0.00	2.55	3.90	4.23	4.58
	1.00	INTS2	ID_1446	0.00	2.33	3.92	4.45	4.64
	1.00	IPO11	ID_1449	0.00	1.49	2.63	2.93	3.24
	1.00	IPO5	ID_1450	0.00	2.82	4.34	4.93	5.19
	1.00	IPO7	ID_1451	0.00	2.97	4.76	5.26	5.39
	1.00	IQCG	ID_1454	0.00	2.22	3.77	4.12	4.36
	1.00	ITGAV	ID_1466	0.00	2.62	4.33	4.67	5.15
	1.00	ITGB1	ID_1467	0.00	2.30	3.85	4.58	4.57
	1.00	KCNMB3	ID_1491	0.00	2.98	4.12	4.07	5.31
	1.00	KCTD11	ID_1495	0.00	1.71	2.46	2.60	3.21
	1.00	KDELR1	ID_1498	0.00	1.94	3.43	4.05	4.42
	1.00	KDELR3	ID_1499	0.00	1.91	2.74	3.46	3.85
	1.00	KDM1A	ID_1501	0.00	2.27	3.58	4.00	4.25
	1.00	KDSR	ID_1503	0.00	1.88	3.43	3.77	4.22
	1.00	KLF5	ID_1530	0.00	2.25	3.49	4.31	4.08
	1.00	KLHL25	ID_1533	0.00	2.00	3.23	2.81	3.81
	1.00	KNOP1	ID_1539	0.00	2.94	4.50	5.18	5.58
	1.00	KRT16	ID_1543	0.00	3.52	4.83	5.15	6.78
	1.00	KRT4	ID_1548	0.00	4.38	5.06	6.46	7.90
	1.00	KRT78	ID_1554	0.00	4.00	4.27	4.83	7.07
	1.00	LARP4	ID_1573	0.00	2.65	4.24	4.78	5.03
	1.00	LARS	ID_1574	0.00	2.72	4.29	4.72	4.97
	1.00	LCMT2	ID_1578	0.00	1.90	3.16	3.62	4.05
	1.00	LDHA	ID_1581	0.00	1.55	2.65	3.22	3.52
	1.00	LDHAP4	ID_1582	0.00	2.06	2.90	3.57	3.81
	1.00	LDHB	ID_1583	0.00	2.63	4.05	4.43	4.84
	1.00	LGALS3BP	ID_1591	0.00	3.40	4.99	5.47	6.00
	1.00	LINC01184	ID_1618	0.00	2.92	4.51	5.11	5.22
	1.00	LINC02577	ID_1635	0.00	4.64	6.32	7.23	8.09
	1.00	LMAN1	ID_1640	0.00	3.26	4.91	5.55	6.11
	1.00	LRP12	ID_1654	0.00	3.29	4.93	5.34	5.83
	1.00	LRP6	ID_1657	0.00	3.01	5.04	5.48	5.87
	1.00	LRP8	ID_1658	0.00	1.94	3.14	3.68	4.71
	1.00	LRRC41	ID_1662	0.00	2.06	3.60	3.84	4.20
	1.00	LRRC56	ID_1663	0.00	2.49	3.98	3.64	4.68
	1.00	LRRC59	ID_1664	0.00	1.85	3.18	3.56	3.96
	1.00	LSG1	ID_1666	0.00	2.28	3.80	4.08	4.37
	1.00	LSM5	ID_1668	0.00	2.56	3.65	4.09	4.48
	1.00	LSS	ID_1670	0.00	2.15	3.60	3.93	4.25
	1.00	LTBP3	ID_1671	0.00	2.94	4.32	4.77	5.20
	1.00	LTBP4	ID_1672	0.00	1.71	2.65	2.84	3.31
	1.00	LUZP1	ID_1676	0.00	1.86	3.06	3.58	3.61
	1.00	LYRM4	ID_1679	0.00	2.57	3.65	4.30	4.86
	1.00	MAFG	ID_1685	0.00	1.85	3.13	3.57	3.81
	1.00	MAGED1	ID_1688	0.00	2.37	3.81	4.45	5.02
	1.00	MAP3K21	ID_1704	0.00	2.43	3.85	4.29	4.69
	1.00	MAP3K4	ID_1705	0.00	1.65	2.64	3.01	3.36
	1.00	MAP4	ID_1707	0.00	2.50	4.14	4.79	4.81
	1.00	MAP9	ID_1710	0.00	2.82	4.61	5.12	5.46
	1.00	MAPK11	ID_1711	0.00	3.02	4.45	4.55	5.43
	1.00	MAPK12	ID_1712	0.00	2.61	3.96	3.98	4.88
	1.00	MAPT	ID_1714	0.00	1.80	3.11	3.40	4.07
	1.00	MARS2	ID_1715	0.00	2.95	4.78	5.03	5.59
	1.00	MBTPS2	ID_1724	0.00	3.22	5.27	5.71	5.96
	1.00	MCFD2	ID_1728	0.00	1.93	3.38	3.89	4.11
	1.00	MCM2	ID_1731	0.00	3.32	4.90	5.19	5.91
	1.00	MCM3	ID_1732	0.00	1.81	3.31	3.72	4.44
	1.00	MCM6	ID_1734	0.00	2.13	3.93	4.41	4.85
	1.00	MCRIP2	ID_1735	0.00	2.27	3.55	3.43	4.19
	1.00	MDC1	ID_1738	0.00	1.92	2.98	3.64	3.61
	1.00	MDH2	ID_1740	0.00	1.83	3.16	3.64	4.03
	1.00	ME3	ID_1743	0.00	2.40	4.00	4.47	5.11
	1.00	MED19	ID_1746	0.00	1.63	2.99	3.74	3.73
	1.00	MEGF8	ID_1748	0.00	1.90	3.05	3.15	3.65
	1.00	METAP1	ID_1755	0.00	1.85	3.26	3.65	3.91
	1.00	METAP1D	ID_1756	0.00	2.27	3.59	3.79	4.53
	1.00	METTL15	ID_1760	0.00	2.27	3.70	4.08	4.29
	1.00	METTL16	ID_1761	0.00	2.45	3.98	4.42	4.55
	1.00	METTL2B	ID_1763	0.00	2.16	3.54	3.94	4.42
	1.00	METTL5	ID_1764	0.00	2.58	4.00	4.37	4.93
	1.00	MFGE8	ID_1768	0.00	2.47	3.83	4.40	4.90
	1.00	MFSD4A	ID_1769	0.00	2.25	3.99	4.43	5.37
	1.00	MFSD6	ID_1770	0.00	2.53	4.20	4.83	4.78
	1.00	MGMT	ID_1772	0.00	2.87	4.32	4.65	5.35
	1.00	MIGA1	ID_1777	0.00	1.64	3.10	3.50	3.85
	1.00	MINPP1	ID_1778	0.00	2.56	4.94	5.17	5.68
	1.00	MIS18A	ID_1782	0.00	2.50	4.30	4.27	4.72
	1.00	MLEC	ID_1786	0.00	1.86	3.20	3.65	4.23
	1.00	MMP14	ID_1792	0.00	3.96	5.57	6.33	6.87
	1.00	MOB1B	ID_1801	0.00	2.44	4.13	4.95	4.94
	1.00	MORC2	ID_1803	0.00	1.78	3.22	3.56	3.84
	1.00	MPP5	ID_1810	0.00	2.43	3.65	4.15	4.38
	1.00	MPRIP	ID_1811	0.00	2.40	3.80	4.13	4.45
	1.00	MRM1	ID_1812	0.00	2.49	3.49	3.77	4.73
	1.00	MRPL17	ID_1818	0.00	3.13	4.59	4.93	5.58
	1.00	MRPL18	ID_1819	0.00	2.04	3.51	3.91	4.19
	1.00	MRPL2	ID_1821	0.00	2.05	3.27	3.66	4.14
	1.00	MRPL24	ID_1823	0.00	3.04	4.72	5.01	5.53
	1.00	MRPL27	ID_1824	0.00	1.84	3.23	3.57	4.31
	1.00	MRPL36	ID_1826	0.00	2.35	3.83	4.18	4.67
	1.00	MRPL4	ID_1830	0.00	2.87	4.26	4.50	5.26
	1.00	MRPL40	ID_1831	0.00	2.45	3.72	4.04	4.52
	1.00	MRPL47	ID_1834	0.00	2.03	3.34	3.95	4.03
	1.00	MRPL49	ID_1836	0.00	2.37	3.72	3.97	4.40
	1.00	MRPL51	ID_1837	0.00	1.97	3.17	3.73	3.86
	1.00	MRPL58	ID_1838	0.00	2.83	4.28	4.59	5.24
	1.00	MRPS10	ID_1839	0.00	2.14	3.64	4.22	4.46
	1.00	MRPS15	ID_1840	0.00	1.99	3.17	3.52	3.81
	1.00	MRPS2	ID_1843	0.00	2.73	4.08	4.47	5.07
	1.00	MRPS23	ID_1844	0.00	2.70	4.29	4.61	5.19
	1.00	MRPS27	ID_1845	0.00	2.84	4.39	5.06	5.42
	1.00	MRPS30	ID_1846	0.00	2.04	3.64	4.08	4.52
	1.00	MRPS9	ID_1851	0.00	2.78	4.36	4.96	5.19
	1.00	MRRF	ID_1852	0.00	2.30	3.60	4.12	4.25
	1.00	MSANTD3	ID_1857	0.00	2.25	3.78	4.40	4.40
	1.00	MSTO1	ID_1861	0.00	1.76	2.73	2.68	3.63
	1.00	MTA3	ID_1865	0.00	2.31	3.87	4.49	4.65
	1.00	MTAP	ID_1866	0.00	2.35	3.98	4.70	4.85
	1.00	MTCH2	ID_1868	0.00	2.54	4.12	4.35	4.71
	1.00	MTMR2	ID_1874	0.00	2.18	3.50	4.21	4.33
	1.00	MVD	ID_1888	0.00	2.15	3.40	3.86	4.28
	1.00	MXRA7	ID_1890	0.00	2.82	4.32	4.99	5.27
	1.00	MXRA8	ID_1891	0.00	2.35	3.46	3.99	4.59
	1.00	MYBBP1A	ID_1892	0.00	2.72	3.99	4.34	5.02
	1.00	MYC	ID_1895	0.00	3.41	5.28	6.15	6.18
	1.00	MYO7A	ID_1909	0.00	2.60	3.49	3.75	4.60
	1.00	NAA20	ID_1916	0.00	1.92	3.10	3.45	3.88
	1.00	NANP	ID_1924	0.00	3.29	4.88	5.41	6.42
	1.00	NAT10	ID_1927	0.00	2.22	3.70	4.11	4.45
	1.00	NCAPG2	ID_1939	0.00	2.19	3.25	3.69	3.98
	1.00	NCBP2	ID_1941	0.00	2.41	4.00	4.35	4.87
	1.00	NCDN	ID_1942	0.00	2.72	4.21	4.48	5.13
	1.00	NCL	ID_1945	0.00	2.10	3.42	4.17	4.21
	1.00	NCOA7	ID_1946	0.00	1.57	3.00	3.50	3.55
	1.00	NDC1	ID_1948	0.00	2.91	4.51	4.92	5.49
	1.00	NDFIP2	ID_1949	0.00	3.44	5.12	5.60	6.08
	1.00	NDUFA12	ID_1950	0.00	1.97	3.40	3.81	4.22
	1.00	NDUFA8	ID_1952	0.00	2.84	4.44	4.87	5.19
	1.00	NDUFAB1	ID_1953	0.00	2.23	3.61	3.65	4.41
	1.00	NDUFAF5	ID_1956	0.00	1.58	2.49	2.60	2.94
	1.00	NDUFS5	ID_1960	0.00	2.40	3.65	4.18	4.60
	1.00	NDUFS8	ID_1961	0.00	2.59	3.81	3.89	4.74
	1.00	NECTIN3	ID_1964	0.00	3.35	5.10	6.02	6.10
	1.00	NGDN	ID_1978	0.00	1.56	2.65	2.86	3.29
	1.00	NIPA1	ID_1983	0.00	2.30	3.86	4.28	4.65
	1.00	NIPAL3	ID_1984	0.00	2.26	3.83	4.29	4.75
	1.00	NKRF	ID_1986	0.00	2.40	3.96	4.40	4.65
	1.00	NMD3	ID_1993	0.00	2.33	3.74	4.24	4.41
	1.00	NME4	ID_1996	0.00	2.31	3.59	4.03	4.48
	1.00	NME7	ID_1997	0.00	2.42	3.82	4.45	4.66
	1.00	NOC2L	ID_2002	0.00	2.51	3.87	4.23	4.69
	1.00	NOL10	ID_2003	0.00	2.32	3.82	4.29	4.56
	1.00	NOL11	ID_2004	0.00	2.48	3.77	4.35	4.62
	1.00	NOL7	ID_2006	0.00	1.99	3.41	3.75	3.92
	1.00	NOLC1	ID_2007	0.00	2.52	3.92	4.51	4.71
	1.00	NOM1	ID_2008	0.00	2.24	3.48	3.86	4.37
	1.00	NOMO1	ID_2009	0.00	2.71	4.35	4.75	5.04
	1.00	NOP14	ID_2010	0.00	2.63	4.10	4.56	4.89
	1.00	NOP16	ID_2011	0.00	2.96	4.54	4.68	5.51
	1.00	NOP2	ID_2012	0.00	1.97	3.19	3.20	3.68
	1.00	NPM1	ID_2020	0.00	2.85	4.28	4.80	5.24
	1.00	NPM1P27	ID_2021	0.00	2.06	3.47	4.19	4.38
	1.00	NPM3	ID_2022	0.00	2.42	3.83	4.03	4.86
	1.00	NPRL3	ID_2025	0.00	2.58	4.01	4.51	4.86
	1.00	NSD2	ID_2038	0.00	2.27	3.47	3.89	4.03
	1.00	NSMCE2	ID_2040	0.00	2.18	3.49	4.13	4.03
	1.00	NSMCE3	ID_2041	0.00	1.74	2.59	2.95	3.44
	1.00	NSUN2	ID_2042	0.00	2.41	3.79	4.15	4.36
	1.00	NT5DC2	ID_2044	0.00	2.71	4.13	4.37	5.13
	1.00	NT5DC3	ID_2045	0.00	2.41	3.80	4.18	4.61
	1.00	NTHL1	ID_2047	0.00	2.14	3.62	3.56	4.45
	1.00	NUCKS1	ID_2052	0.00	2.27	3.77	4.52	4.69
	1.00	NUDT15	ID_2054	0.00	2.67	3.69	4.20	4.64
	1.00	NUP155	ID_2060	0.00	2.70	4.28	4.73	4.95
	1.00	NUP205	ID_2061	0.00	2.72	4.34	4.78	5.05
	1.00	NUP37	ID_2063	0.00	2.43	3.66	3.99	4.61
	1.00	NUP54	ID_2064	0.00	1.73	2.99	3.49	3.68
	1.00	NUS1	ID_2067	0.00	2.27	3.87	4.22	4.66
	1.00	NUSAP1	ID_2068	0.00	2.79	3.83	4.53	4.90
	1.00	OCIAD2	ID_2072	0.00	2.96	4.15	4.67	5.21
	1.00	OGFOD1	ID_2076	0.00	2.33	3.65	4.16	4.41
	1.00	OGFOD3	ID_2077	0.00	2.42	3.94	4.11	4.66
	1.00	OLAH	ID_2079	0.00	2.99	4.76	5.08	5.52
	1.00	OR7E38P	ID_2087	0.00	2.57	4.13	4.36	4.93
	1.00	ORC1	ID_2088	0.00	3.08	4.09	4.59	5.64
	1.00	OSTC	ID_2095	0.00	2.38	3.62	3.88	4.66
	1.00	P4HB	ID_2101	0.00	1.96	3.18	3.56	4.04
	1.00	PA2G4	ID_2102	0.00	2.51	3.95	4.50	4.83
	1.00	PABPC4	ID_2106	0.00	2.23	3.68	4.11	4.41
	1.00	PACRGL	ID_2107	0.00	2.34	3.66	3.96	4.49
	1.00	PAFAH1B3	ID_2111	0.00	2.07	3.05	3.12	4.04
	1.00	PAQR3	ID_2118	0.00	1.87	3.47	3.82	4.35
	1.00	PARP1	ID_2123	0.00	1.83	3.27	3.81	4.13
	1.00	PARP2	ID_2124	0.00	2.48	3.89	4.35	4.63
	1.00	PATJ	ID_2127	0.00	2.41	3.94	4.43	4.53
	1.00	PBDC1	ID_2130	0.00	2.38	3.75	4.54	4.69
	1.00	PCCB	ID_2134	0.00	2.87	4.40	4.56	5.22
	1.00	PCGF1	ID_2145	0.00	1.84	3.00	3.42	3.55
	1.00	PCK2	ID_2148	0.00	2.96	4.61	4.70	5.39
	1.00	PCYOX1	ID_2151	0.00	2.32	4.18	4.65	4.83
	1.00	PCYT2	ID_2152	0.00	2.69	4.09	4.43	4.79
	1.00	PDCD11	ID_2153	0.00	2.05	3.35	3.76	4.17
	1.00	PDCL3	ID_2155	0.00	2.60	4.17	4.51	4.85
	1.00	PDE12	ID_2156	0.00	1.61	2.78	3.34	3.54
	1.00	PDE2A	ID_2158	0.00	1.58	2.76	2.95	3.37
	1.00	PDIA3P1	ID_2163	0.00	1.56	2.74	3.30	3.29
	1.00	PDIA4	ID_2164	0.00	3.41	4.75	5.29	6.02
	1.00	PDIA6	ID_2166	0.00	2.17	3.59	4.06	4.61
	1.00	PDP1	ID_2169	0.00	2.45	4.05	4.47	4.79
	1.00	PDP2	ID_2170	0.00	2.62	3.63	4.15	4.85
	1.00	PDRG1	ID_2171	0.00	2.16	3.43	3.53	4.23
	1.00	PDZD11	ID_2172	0.00	2.61	3.95	4.57	4.74
	1.00	PEBP1	ID_2175	0.00	2.18	3.43	3.68	4.12
	1.00	PELP1	ID_2177	0.00	1.87	2.94	3.25	3.65
	1.00	PEMT	ID_2178	0.00	2.83	3.74	4.08	4.88
	1.00	PES1	ID_2181	0.00	3.17	4.57	5.13	5.59
	1.00	PEX14	ID_2183	0.00	2.50	3.72	4.18	4.43
	1.00	PFAS	ID_2185	0.00	1.91	3.18	3.54	4.24
	1.00	PFDN1	ID_2186	0.00	1.68	2.93	3.54	3.71
	1.00	PFDN2	ID_2187	0.00	2.45	3.55	3.89	4.31
	1.00	PFKM	ID_2189	0.00	2.38	3.94	3.97	4.65
	1.00	PFKP	ID_2190	0.00	2.50	4.03	4.48	4.91
	1.00	PFN2	ID_2191	0.00	2.69	4.32	4.80	5.35
	1.00	PGAM5	ID_2193	0.00	2.85	4.13	4.56	5.18
	1.00	PGAP1	ID_2194	0.00	2.28	3.76	4.43	4.57
	1.00	PGRMC1	ID_2195	0.00	2.74	4.13	4.58	4.84
	1.00	PHB	ID_2197	0.00	3.05	4.64	5.14	5.57
	1.00	PHETA1	ID_2198	0.00	2.52	4.04	4.09	4.83
	1.00	PI4K2A	ID_2210	0.00	1.49	2.36	2.67	3.03
	1.00	PIGU	ID_2214	0.00	2.07	3.80	4.33	4.61
	1.00	PIK3CD-AS2	ID_2216	0.00	2.70	3.92	4.94	5.10
	1.00	PJA1	ID_2223	0.00	2.35	3.70	4.22	4.49
	1.00	PKM	ID_2228	0.00	1.98	3.18	3.81	4.09
	1.00	PLA2G12A	ID_2231	0.00	2.24	3.95	4.58	4.84
	1.00	PLA2G15	ID_2232	0.00	2.61	3.89	4.18	4.64
	1.00	PLAG1	ID_2234	0.00	2.01	3.17	3.85	3.89
	1.00	PLEKHG4	ID_2245	0.00	1.88	2.72	2.62	3.54
	1.00	PLEKHG5	ID_2246	0.00	2.17	3.04	3.20	4.01
	1.00	PLOD3	ID_2257	0.00	2.37	3.74	3.90	4.45
	1.00	PLRG1	ID_2260	0.00	1.87	3.35	3.65	4.07
	1.00	PLXND1	ID_2269	0.00	2.08	3.54	3.87	4.42
	1.00	PNPO	ID_2276	0.00	3.02	4.65	5.27	5.47
	1.00	POFUT1	ID_2277	0.00	2.86	4.68	5.24	5.50
	1.00	POLA1	ID_2278	0.00	1.94	3.42	4.09	4.15
	1.00	POLD2	ID_2279	0.00	2.89	4.42	4.89	5.23
	1.00	POLE2	ID_2280	0.00	3.29	4.74	5.42	5.75
	1.00	POLR1B	ID_2284	0.00	2.73	4.27	4.80	5.20
	1.00	POLR3B	ID_2288	0.00	1.71	2.93	3.54	3.83
	1.00	POLR3H	ID_2289	0.00	2.38	3.87	4.01	4.65
	1.00	POMGNT1	ID_2290	0.00	2.55	3.86	4.17	4.62
	1.00	POP1	ID_2294	0.00	3.18	4.12	4.68	5.65
	1.00	PORCN	ID_2295	0.00	1.99	3.30	3.49	4.38
	1.00	PPAT	ID_2299	0.00	3.42	4.98	5.63	6.09
	1.00	PPIA	ID_2303	0.00	2.24	3.42	3.73	4.28
	1.00	PPIAP22	ID_2304	0.00	2.50	3.91	4.24	4.71
	1.00	PPIH	ID_2306	0.00	1.88	2.73	3.08	3.55
	1.00	PPIL3	ID_2308	0.00	1.68	2.97	3.38	3.77
	1.00	PPME1	ID_2310	0.00	2.11	3.36	3.67	4.10
	1.00	PPP1R14BP3	ID_2314	0.00	1.94	2.75	2.86	3.48
	1.00	PPRC1	ID_2321	0.00	2.35	3.89	4.40	4.59
	1.00	PRDM15	ID_2325	0.00	1.73	2.44	2.69	3.40
	1.00	PRIM1	ID_2329	0.00	1.75	2.83	3.16	3.55
	1.00	PRIM2	ID_2330	0.00	1.62	3.00	3.54	4.15
	1.00	PRKCI	ID_2331	0.00	2.05	3.64	4.23	4.25
	1.00	PRMT1	ID_2333	0.00	2.08	3.24	3.61	4.15
	1.00	PRMT3	ID_2334	0.00	2.13	3.62	3.98	4.48
	1.00	PRNP	ID_2336	0.00	2.33	3.96	4.65	4.68
	1.00	PROB1	ID_2337	0.00	2.89	3.89	4.38	5.36
	1.00	PRPF19	ID_2341	0.00	2.38	3.90	4.05	4.70
	1.00	PRRC1	ID_2346	0.00	1.86	3.32	4.01	4.46
	1.00	PRSS22	ID_2349	0.00	4.66	6.26	6.56	8.18
	1.00	PSEN2	ID_2359	0.00	2.46	3.77	4.07	4.70
	1.00	PSMB5	ID_2360	0.00	2.50	4.03	4.09	4.84
	1.00	PSMC2	ID_2361	0.00	2.49	4.03	4.40	4.73
	1.00	PTDSS2	ID_2366	0.00	1.75	2.97	2.98	3.85
	1.00	PTPDC1	ID_2374	0.00	2.85	4.46	5.12	5.23
	1.00	PTPN13	ID_2375	0.00	2.67	4.41	4.97	4.99
	1.00	PUDP	ID_2389	0.00	1.94	3.64	3.97	4.52
	1.00	PUM3	ID_2390	0.00	2.93	4.62	5.40	5.31
	1.00	PUS1	ID_2391	0.00	2.41	3.42	3.68	4.50
	1.00	PUS7	ID_2392	0.00	3.05	4.49	5.23	5.55
	1.00	PVR	ID_2393	0.00	2.11	3.53	4.11	4.32
	1.00	QRSL1	ID_2400	0.00	2.21	3.54	4.04	4.20
	1.00	QSOX1	ID_2401	0.00	2.39	3.86	4.22	4.66
	1.00	RAD1	ID_2413	0.00	2.02	3.31	3.57	4.08
	1.00	RAD23A	ID_2415	0.00	2.36	3.67	4.22	4.54
	1.00	RAI1	ID_2419	0.00	2.73	4.39	4.74	5.01
	1.00	RANBP1	ID_2423	0.00	3.04	4.28	4.92	5.28
	1.00	RARS	ID_2429	0.00	1.77	2.96	3.31	3.64
	1.00	RCC2	ID_2444	0.00	3.01	4.67	5.11	5.51
	1.00	RCCD1	ID_2445	0.00	2.72	3.84	3.96	4.85
	1.00	RDH10	ID_2450	0.00	2.61	4.78	5.02	5.80
	1.00	RDH11	ID_2451	0.00	2.27	3.88	4.41	4.67
	1.00	RDH13	ID_2452	0.00	2.22	3.38	3.49	4.22
	1.00	RDH14	ID_2453	0.00	2.29	3.92	4.23	4.80
	1.00	REEP3	ID_2458	0.00	1.93	3.53	4.10	4.22
	1.00	REXO2	ID_2463	0.00	2.33	3.63	3.92	4.35
	1.00	REXO4	ID_2464	0.00	2.21	3.63	4.04	4.45
	1.00	RFC4	ID_2465	0.00	2.39	3.53	3.98	4.46
	1.00	RFK	ID_2466	0.00	1.91	3.39	3.85	4.27
	1.00	RGS17	ID_2468	0.00	2.38	3.90	4.19	4.77
	1.00	RHEBP2	ID_2473	0.00	1.66	2.96	3.00	3.36
	1.00	RHOBTB3	ID_2474	0.00	2.67	4.50	4.89	5.05
	1.00	RIDA	ID_2478	0.00	2.16	3.42	3.82	4.21
	1.00	RIMS3	ID_2480	0.00	1.93	2.98	3.53	4.74
	1.00	RIOK1	ID_2481	0.00	2.39	3.80	4.29	4.45
	1.00	RIOX2	ID_2482	0.00	3.06	4.62	5.41	5.38
	1.00	RMDN3	ID_2485	0.00	2.31	3.94	4.09	4.61
	1.00	RNASEH2A	ID_2488	0.00	2.13	3.25	3.31	4.08
	1.00	RNF187	ID_2491	0.00	2.78	4.39	4.59	5.11
	1.00	RNF215	ID_2493	0.00	1.66	2.19	2.17	3.29
	1.00	RNF217	ID_2494	0.00	2.03	3.51	3.96	3.99
	1.00	RNH1	ID_2500	0.00	2.03	3.22	3.47	3.84
	1.00	ROMO1	ID_2504	0.00	1.78	2.83	2.96	3.75
	1.00	RP9	ID_2508	0.00	2.14	2.96	3.70	3.90
	1.00	RPL10A	ID_2513	0.00	2.28	3.46	3.81	4.33
	1.00	RPL12	ID_2514	0.00	2.17	3.31	3.98	4.26
	1.00	RPL22L1	ID_2515	0.00	1.84	2.95	3.11	3.66
	1.00	RPL23A	ID_2516	0.00	2.74	3.99	5.10	5.06
	1.00	RPL24	ID_2517	0.00	2.17	3.35	3.75	4.28
	1.00	RPL26	ID_2519	0.00	2.08	3.43	3.44	4.35
	1.00	RPL26P19	ID_2520	0.00	2.55	3.68	3.93	4.63
	1.00	RPL27	ID_2521	0.00	1.68	2.81	3.39	3.71
	1.00	RPL35	ID_2522	0.00	2.26	3.25	3.60	4.08
	1.00	RPL35A	ID_2523	0.00	1.85	3.06	3.46	3.97
	1.00	RPL37A	ID_2524	0.00	2.21	3.39	3.75	4.32
	1.00	RPL7L1	ID_2527	0.00	2.56	4.20	4.60	5.05
	1.00	RPL8	ID_2528	0.00	1.88	3.02	3.31	3.92
	1.00	RPLP0P6	ID_2531	0.00	2.83	4.18	4.68	5.19
	1.00	RPN2	ID_2532	0.00	1.83	3.14	3.59	3.97
	1.00	RPP40	ID_2534	0.00	3.47	4.80	5.75	6.09
	1.00	RPS18	ID_2535	0.00	3.04	4.35	4.76	5.32
	1.00	RPS2	ID_2536	0.00	2.00	3.03	3.41	3.94
	1.00	RPS21	ID_2537	0.00	2.63	3.78	4.06	4.69
	1.00	RPS3	ID_2539	0.00	2.15	3.41	3.71	4.42
	1.00	RPS5	ID_2540	0.00	2.31	3.49	3.79	4.39
	1.00	RPS7P1	ID_2543	0.00	1.84	3.04	3.34	3.83
	1.00	RPS8	ID_2544	0.00	2.01	3.23	3.39	4.09
	1.00	RPTOR	ID_2546	0.00	2.50	3.88	4.17	4.58
	1.00	RPUSD4	ID_2547	0.00	1.78	3.05	3.18	4.16
	1.00	RRM1	ID_2550	0.00	2.38	3.85	4.25	4.62
	1.00	RRP1B	ID_2555	0.00	2.62	4.05	4.61	4.85
	1.00	RRP9	ID_2556	0.00	2.68	3.98	4.11	4.83
	1.00	RSL24D1	ID_2559	0.00	1.64	2.87	3.47	3.60
	1.00	RTCB	ID_2560	0.00	2.37	3.89	4.19	4.71
	1.00	RTL6	ID_2562	0.00	2.01	3.39	3.83	4.35
	1.00	RTRAF	ID_2566	0.00	2.46	3.92	4.38	4.67
	1.00	RUFY3	ID_2567	0.00	2.52	3.78	4.25	4.45
	1.00	RUSC1	ID_2568	0.00	1.91	3.10	3.24	4.01
	1.00	RUVBL1	ID_2570	0.00	2.89	4.60	5.00	5.37
	1.00	RXYLT1	ID_2573	0.00	2.74	4.44	4.97	5.09
	1.00	S100A13	ID_2575	0.00	2.43	3.84	3.72	4.76
	1.00	SAC3D1	ID_2582	0.00	2.93	4.52	4.29	5.54
	1.00	SAE1	ID_2583	0.00	2.39	3.51	3.94	4.29
	1.00	SC5D	ID_2595	0.00	3.11	4.86	5.28	5.74
	1.00	SCARB2	ID_2596	0.00	3.09	4.78	5.29	5.51
	1.00	SCCPDH	ID_2597	0.00	2.43	4.03	4.17	4.66
	1.00	SCFD2	ID_2600	0.00	3.12	4.75	5.31	5.68
	1.00	SCOC	ID_2606	0.00	2.22	3.62	4.16	4.54
	1.00	SDAD1	ID_2608	0.00	2.89	4.40	5.23	5.23
	1.00	SEC22A	ID_2615	0.00	2.32	3.56	3.65	4.32
	1.00	SEC31A	ID_2616	0.00	2.42	3.90	4.56	4.64
	1.00	SEC61G	ID_2617	0.00	2.08	3.03	3.37	3.98
	1.00	SEH1L	ID_2618	0.00	2.16	3.58	4.03	4.69
	1.00	SEL1L3	ID_2619	0.00	2.41	4.14	4.54	4.84
	1.00	SELENOI	ID_2621	0.00	2.09	3.57	4.02	4.49
	1.00	SELENOS	ID_2624	0.00	1.54	2.54	2.50	3.05
	1.00	SEMA4F	ID_2630	0.00	2.47	3.66	3.95	4.55
	1.00	43719	ID_2632	0.00	3.08	4.77	5.52	5.56
	1.00	SERBP1P5	ID_2633	0.00	1.66	3.10	3.96	3.87
	1.00	SERPINB6	ID_2640	0.00	1.74	3.06	3.55	3.85
	1.00	SERPINI1	ID_2644	0.00	2.64	4.10	4.38	4.84
	1.00	SFN	ID_2649	0.00	1.67	2.28	2.69	3.19
	1.00	SGMS2	ID_2658	0.00	3.68	5.40	6.38	6.70
	1.00	SHCBP1	ID_2674	0.00	2.35	3.24	3.70	4.09
	1.00	SHMT2	ID_2676	0.00	2.55	4.08	4.48	5.09
	1.00	SHQ1	ID_2678	0.00	2.44	3.91	4.41	4.75
	1.00	SHTN1	ID_2681	0.00	2.61	4.02	4.91	4.78
	1.00	SIL1	ID_2684	0.00	2.13	3.55	3.96	4.43
	1.00	SINHCAF	ID_2685	0.00	2.04	3.50	4.25	4.35
	1.00	SLC12A2	ID_2692	0.00	2.27	4.11	4.39	4.79
	1.00	SLC12A8	ID_2693	0.00	3.34	3.62	4.56	6.51
	1.00	SLC1A4	ID_2700	0.00	2.73	4.98	5.27	5.65
	1.00	SLC25A13	ID_2706	0.00	2.16	3.53	4.37	4.28
	1.00	SLC25A26	ID_2712	0.00	2.90	4.77	4.97	5.53
	1.00	SLC25A32	ID_2713	0.00	2.01	3.42	3.69	4.02
	1.00	SLC25A36	ID_2715	0.00	2.29	3.66	4.13	4.25
	1.00	SLC25A5	ID_2719	0.00	2.28	3.77	3.84	4.56
	1.00	SLC27A2	ID_2722	0.00	2.90	4.95	5.08	5.99
	1.00	SLC29A2	ID_2725	0.00	2.16	3.13	3.95	4.03
	1.00	SLC2A1	ID_2726	0.00	2.80	4.28	4.73	5.11
	1.00	SLC38A7	ID_2734	0.00	2.46	4.13	4.51	5.05
	1.00	SLC39A11	ID_2735	0.00	1.77	3.17	3.68	4.25
	1.00	SLC41A1	ID_2740	0.00	1.89	3.16	3.81	4.03
	1.00	SLC4A2	ID_2748	0.00	1.98	3.22	3.18	3.79
	1.00	SLC4A4	ID_2749	0.00	3.07	4.68	5.16	5.55
	1.00	SLC50A1	ID_2750	0.00	2.23	3.58	4.10	4.66
	1.00	SLC5A6	ID_2752	0.00	2.40	3.76	3.96	4.68
	1.00	SLIRP	ID_2762	0.00	2.07	3.20	3.37	3.90
	1.00	SMAGP	ID_2766	0.00	1.97	3.23	3.66	4.15
	1.00	SMARCA4	ID_2768	0.00	1.84	3.10	3.39	3.62
	1.00	SMC2	ID_2769	0.00	2.36	3.67	4.36	4.51
	1.00	SMIM13	ID_2771	0.00	2.25	4.00	4.39	4.73
	1.00	SMIM15	ID_2772	0.00	2.43	4.00	4.63	4.92
	1.00	SMN2	ID_2777	0.00	2.32	3.46	4.29	4.99
	1.00	SMPD4	ID_2778	0.00	2.07	3.21	3.59	4.00
	1.00	SMPDL3B	ID_2779	0.00	2.22	3.81	4.10	4.58
	1.00	SMYD5	ID_2782	0.00	2.91	4.15	4.58	5.27
	1.00	SND1	ID_2786	0.00	3.06	4.50	4.82	5.50
	1.00	SNHG15	ID_2788	0.00	2.09	3.01	3.19	3.83
	1.00	SNRNP40	ID_2794	0.00	1.89	3.29	3.61	4.06
	1.00	SNRPC	ID_2795	0.00	2.68	4.03	4.43	4.77
	1.00	SNRPD1	ID_2796	0.00	2.77	4.34	4.67	5.15
	1.00	SNRPD2	ID_2797	0.00	2.37	3.58	4.02	4.46
	1.00	SNRPE	ID_2798	0.00	1.88	3.10	3.29	4.00
	1.00	SNTB1	ID_2802	0.00	2.63	4.47	5.01	5.13
	1.00	SNU13	ID_2803	0.00	2.05	3.29	3.61	4.13
	1.00	SNX12	ID_2804	0.00	1.77	3.45	3.82	4.29
	1.00	SNX5	ID_2808	0.00	2.01	3.40	3.82	4.20
	1.00	SOCS7	ID_2813	0.00	2.15	3.89	4.19	4.48
	1.00	SOD1	ID_2814	0.00	2.35	3.53	3.78	4.35
	1.00	SPATA20	ID_2825	0.00	2.70	4.02	4.26	4.82
	1.00	SPATA6L	ID_2826	0.00	2.29	3.54	4.12	4.34
	1.00	SPIN4	ID_2833	0.00	3.01	4.34	5.33	6.00
	1.00	SPINDOC	ID_2834	0.00	1.89	3.38	3.47	3.88
	1.00	SPINT1	ID_2837	0.00	2.39	3.95	4.19	4.82
	1.00	SPINT2	ID_2839	0.00	2.81	4.23	4.54	5.12
	1.00	SREBF2	ID_2868	0.00	2.61	4.04	4.59	4.83
	1.00	SRFBP1	ID_2869	0.00	3.37	5.09	5.90	6.23
	1.00	SRP72	ID_2872	0.00	2.07	3.56	4.29	4.32
	1.00	SRPRB	ID_2873	0.00	3.58	5.21	5.63	6.36
	1.00	SSB	ID_2875	0.00	2.32	3.79	4.45	4.49
	1.00	SSBP1	ID_2876	0.00	2.29	3.76	4.08	4.46
	1.00	STARD7	ID_2886	0.00	2.37	3.91	4.26	4.65
	1.00	STIP1	ID_2891	0.00	2.17	3.46	3.96	4.04
	1.00	STOML2	ID_2895	0.00	1.98	3.28	3.50	4.04
	1.00	STPG1	ID_2896	0.00	2.83	4.14	4.53	5.01
	1.00	STRIP2	ID_2899	0.00	3.25	5.04	5.16	6.24
	1.00	STS	ID_2900	0.00	1.84	3.37	3.99	4.13
	1.00	STT3A	ID_2901	0.00	1.91	3.25	3.93	4.13
	1.00	STX18	ID_2902	0.00	1.76	2.81	3.24	3.59
	1.00	SUCLG2	ID_2909	0.00	3.32	4.91	5.51	5.89
	1.00	SUMO3	ID_2913	0.00	2.67	4.16	4.63	4.95
	1.00	SUN1	ID_2914	0.00	2.05	3.49	3.76	4.33
	1.00	SUPV3L1	ID_2915	0.00	2.16	3.41	3.93	4.04
	1.00	SYNCRIP	ID_2918	0.00	1.72	3.05	3.60	3.82
	1.00	SYPL1	ID_2921	0.00	2.32	3.88	4.34	4.62
	1.00	TADA2A	ID_2930	0.00	2.67	4.04	4.43	4.78
	1.00	TAF2	ID_2931	0.00	1.85	3.20	3.75	3.78
	1.00	TAF4B	ID_2932	0.00	2.67	4.09	4.92	5.16
	1.00	TAF5L	ID_2933	0.00	1.97	3.05	3.51	3.75
	1.00	TBC1D31	ID_2940	0.00	2.42	3.76	4.31	4.39
	1.00	TBC1D8	ID_2941	0.00	2.46	3.83	4.33	4.60
	1.00	TBCEL	ID_2945	0.00	2.75	4.09	4.60	4.94
	1.00	TBL2	ID_2946	0.00	2.26	3.46	3.98	4.28
	1.00	TCAF1	ID_2948	0.00	3.11	4.79	5.02	5.62
	1.00	TCEA1	ID_2950	0.00	2.19	3.84	4.49	4.56
	1.00	TCEAL1	ID_2951	0.00	2.54	4.14	4.30	5.10
	1.00	TCEAL8	ID_2953	0.00	2.36	3.91	4.59	4.84
	1.00	TCOF1	ID_2956	0.00	1.63	2.58	3.03	3.39
	1.00	TENT4A	ID_2967	0.00	1.56	2.68	2.92	3.23
	1.00	TGFBI	ID_2977	0.00	2.84	4.24	4.78	5.49
	1.00	THOP1	ID_2982	0.00	2.11	3.27	3.73	4.14
	1.00	TIGD2	ID_2988	0.00	3.39	5.24	5.96	6.00
	1.00	TIGD6	ID_2989	0.00	2.91	4.54	5.03	5.36
	1.00	TIMELESS	ID_2990	0.00	2.14	3.26	3.42	4.22
	1.00	TIMM17A	ID_2992	0.00	1.74	3.05	3.38	3.97
	1.00	TIMM23B	ID_2994	0.00	2.07	3.05	3.47	3.79
	1.00	TIMM44	ID_2995	0.00	2.03	3.27	3.63	4.05
	1.00	TIMM50	ID_2996	0.00	2.34	3.79	3.79	4.59
	1.00	TIMM8A	ID_2997	0.00	2.43	3.77	3.86	4.44
	1.00	TLE2	ID_3008	0.00	1.74	2.23	2.83	3.38
	1.00	TM7SF2	ID_3013	0.00	2.55	4.06	4.54	5.16
	1.00	TMEM102	ID_3019	0.00	2.16	3.18	3.16	4.23
	1.00	TMEM106C	ID_3021	0.00	2.73	3.89	4.33	4.88
	1.00	TMEM109	ID_3022	0.00	1.96	3.53	4.14	4.73
	1.00	TMEM120B	ID_3023	0.00	1.92	3.44	3.74	4.44
	1.00	TMEM126A	ID_3025	0.00	2.06	3.58	3.62	4.22
	1.00	TMEM135	ID_3027	0.00	2.96	4.46	5.05	5.38
	1.00	TMEM144	ID_3029	0.00	3.12	4.54	5.05	5.71
	1.00	TMEM14C	ID_3032	0.00	1.92	3.38	3.48	4.16
	1.00	TMEM156	ID_3034	0.00	3.39	5.16	5.83	6.59
	1.00	TMEM159	ID_3035	0.00	1.97	3.32	3.67	4.73
	1.00	TMEM161A	ID_3036	0.00	1.91	3.10	3.53	4.09
	1.00	TMEM192	ID_3040	0.00	2.92	4.64	5.16	5.32
	1.00	TMEM201	ID_3043	0.00	2.38	3.92	4.50	5.13
	1.00	TMEM206	ID_3044	0.00	2.13	3.29	3.60	4.07
	1.00	TMEM214	ID_3045	0.00	1.74	2.96	3.54	3.86
	1.00	TMEM231	ID_3047	0.00	2.91	4.59	4.95	5.29
	1.00	TMEM245	ID_3051	0.00	2.18	3.98	4.53	4.63
	1.00	TMEM254	ID_3052	0.00	2.62	4.35	4.80	5.07
	1.00	TMEM263	ID_3054	0.00	1.85	3.50	3.93	4.51
	1.00	TMEM267	ID_3055	0.00	2.49	4.41	4.96	5.30
	1.00	TMEM38B	ID_3057	0.00	2.18	3.64	4.13	4.56
	1.00	TMEM41A	ID_3058	0.00	2.75	4.46	4.89	5.26
	1.00	TMEM9	ID_3065	0.00	2.12	3.64	3.75	4.49
	1.00	TMPO	ID_3067	0.00	2.20	3.25	3.72	4.16
	1.00	TMTC2	ID_3073	0.00	1.74	3.13	3.57	3.92
	1.00	TMTC3	ID_3074	0.00	2.68	4.05	4.58	4.79
	1.00	TMX2	ID_3075	0.00	2.14	3.65	4.03	4.45
	1.00	TNC	ID_3076	0.00	4.22	6.27	7.17	7.67
	1.00	TNFRSF10D	ID_3077	0.00	2.29	3.52	4.00	4.38
	1.00	TNFRSF12A	ID_3079	0.00	2.74	4.01	4.25	4.88
	1.00	TOMM20	ID_3089	0.00	2.20	3.69	4.14	4.64
	1.00	TOMM22	ID_3091	0.00	2.25	3.62	4.10	4.48
	1.00	TOMM5	ID_3092	0.00	2.98	4.16	5.16	5.18
	1.00	TOMM70	ID_3093	0.00	2.91	4.59	5.19	5.50
	1.00	TOP1MT	ID_3095	0.00	1.98	2.95	3.63	4.20
	1.00	TP53	ID_3097	0.00	2.42	3.89	4.42	4.66
	1.00	TRIAP1	ID_3110	0.00	2.81	4.37	4.69	5.22
	1.00	TRIM32	ID_3118	0.00	2.56	4.14	4.43	4.84
	1.00	TRIT1	ID_3124	0.00	2.94	4.54	4.85	5.33
	1.00	TRMT6	ID_3126	0.00	1.87	2.66	3.51	3.52
	1.00	TRUB1	ID_3132	0.00	2.68	4.34	4.87	5.25
	1.00	TSC22D1	ID_3134	0.00	2.15	3.83	4.23	4.69
	1.00	TSEN15	ID_3135	0.00	2.54	4.48	4.72	5.22
	1.00	TSN	ID_3137	0.00	1.95	3.44	3.91	4.23
	1.00	TSPAN17	ID_3141	0.00	2.14	3.54	3.70	4.45
	1.00	TSPAN9	ID_3146	0.00	2.97	4.53	4.96	5.55
	1.00	TSR2	ID_3149	0.00	1.75	2.76	3.30	3.74
	1.00	TTC19	ID_3150	0.00	2.26	3.79	4.18	4.55
	1.00	TTC23	ID_3151	0.00	2.58	4.52	4.65	5.01
	1.00	TTC30A	ID_3153	0.00	2.70	4.52	4.93	5.44
	1.00	TUBGCP5	ID_3166	0.00	2.43	3.87	4.18	4.54
	1.00	TWNK	ID_3171	0.00	3.01	4.29	4.75	5.25
	1.00	TYW3	ID_3175	0.00	2.78	4.36	4.80	5.23
	1.00	UBA6-AS1	ID_3178	0.00	2.67	4.03	4.32	4.75
	1.00	UBAP2	ID_3179	0.00	2.14	3.42	4.02	4.05
	1.00	UBE2E3	ID_3181	0.00	1.92	3.14	3.51	3.79
	1.00	UBFD1	ID_3185	0.00	2.31	3.87	4.28	4.73
	1.00	UBQLN4	ID_3186	0.00	2.71	4.14	4.65	4.86
	1.00	UFSP2	ID_3190	0.00	2.01	3.62	3.87	4.11
	1.00	UGDH	ID_3191	0.00	3.18	4.67	5.15	5.89
	1.00	UMPS	ID_3196	0.00	3.07	4.86	5.01	5.81
	1.00	UNG	ID_3199	0.00	2.73	4.47	5.05	5.76
	1.00	UPF3B	ID_3200	0.00	1.74	3.03	3.71	3.57
	1.00	UPRT	ID_3201	0.00	1.62	2.72	3.14	3.59
	1.00	UQCC2	ID_3202	0.00	3.01	4.51	4.90	5.37
	1.00	UQCRH	ID_3204	0.00	2.22	3.42	3.91	4.15
	1.00	UQCRHL	ID_3205	0.00	1.53	2.47	2.77	3.31
	1.00	URB1-AS1	ID_3207	0.00	2.19	3.93	4.19	4.56
	1.00	URI1	ID_3210	0.00	1.97	3.36	3.93	4.13
	1.00	USP14	ID_3212	0.00	2.26	3.87	4.44	4.77
	1.00	USP36	ID_3215	0.00	1.92	3.27	3.61	3.83
	1.00	USP5	ID_3219	0.00	2.56	4.04	4.43	4.82
	1.00	UST	ID_3221	0.00	3.07	4.63	5.19	5.46
	1.00	UTP14A	ID_3223	0.00	2.84	4.22	4.78	5.08
	1.00	UTP15	ID_3224	0.00	2.92	4.52	5.03	5.23
	1.00	UTP20	ID_3225	0.00	2.91	4.50	4.95	5.38
	1.00	UTP23	ID_3226	0.00	2.17	3.62	4.29	4.57
	1.00	UTP25	ID_3227	0.00	2.77	4.22	4.94	5.18
	1.00	UTP3	ID_3228	0.00	1.88	3.45	3.77	4.06
	1.00	UXS1	ID_3230	0.00	2.39	3.89	4.56	4.77
	1.00	VAMP8	ID_3231	0.00	2.28	3.63	4.10	4.43
	1.00	VARS2	ID_3234	0.00	2.38	3.66	3.84	4.57
	1.00	VDAC1	ID_3238	0.00	2.06	3.63	4.05	4.49
	1.00	VEGFB	ID_3241	0.00	2.73	4.14	4.56	4.85
	1.00	VGLL4	ID_3247	0.00	2.21	3.77	4.40	4.66
	1.00	VMA21	ID_3248	0.00	2.01	3.60	4.18	4.66
	1.00	VWDE	ID_3253	0.00	3.07	4.34	4.87	5.45
	1.00	WASHC5	ID_3258	0.00	1.91	3.42	3.93	4.03
	1.00	WDR12	ID_3262	0.00	3.11	4.81	5.28	5.55
	1.00	WDR3	ID_3263	0.00	2.68	4.21	4.86	5.15
	1.00	WDR36	ID_3266	0.00	2.39	3.89	4.44	4.80
	1.00	WDR4	ID_3267	0.00	3.18	4.61	4.94	5.76
	1.00	WDR46	ID_3269	0.00	1.97	2.97	3.24	3.73
	1.00	WDR74	ID_3273	0.00	2.21	3.31	3.36	3.98
	1.00	WDR76	ID_3274	0.00	2.22	3.75	4.37	4.79
	1.00	WDR90	ID_3275	0.00	2.74	3.76	3.68	4.97
	1.00	WEE1	ID_3278	0.00	2.42	3.85	4.14	4.37
	1.00	XPOT	ID_3298	0.00	2.89	4.62	5.16	5.22
	1.00	XRCC2	ID_3299	0.00	3.44	4.94	5.75	6.43
	1.00	YBX1	ID_3304	0.00	1.84	2.96	3.77	3.85
	1.00	YBX3	ID_3306	0.00	1.58	2.72	3.03	3.58
	1.00	YRDC	ID_3310	0.00	1.74	2.86	2.75	3.49
	1.00	YWHAE	ID_3311	0.00	1.81	3.26	4.01	4.09
	1.00	YWHAG	ID_3312	0.00	1.59	2.84	3.22	3.55
	1.00	YWHAQ	ID_3313	0.00	1.75	2.87	3.34	3.66
	1.00	ZBTB11-AS1	ID_3320	0.00	2.14	3.18	3.50	4.09
	1.00	ZBTB12	ID_3321	0.00	2.81	4.45	4.22	5.25
	1.00	ZBTB41	ID_3322	0.00	2.29	3.61	4.43	4.81
	1.00	ZBTB5	ID_3323	0.00	1.63	2.89	2.88	3.59
	1.00	ZC3H12C	ID_3328	0.00	3.80	5.61	6.48	6.73
	1.00	ZCCHC4	ID_3330	0.00	2.35	3.69	4.09	4.49
	1.00	ZDHHC16	ID_3331	0.00	1.70	2.85	3.25	3.69
	1.00	ZDHHC4	ID_3332	0.00	2.69	4.24	4.38	4.95
	1.00	ZFP30	ID_3336	0.00	2.46	4.54	4.71	5.22
	1.00	ZFP64	ID_3337	0.00	2.74	3.91	4.53	4.81
	1.00	ZHX3	ID_3343	0.00	3.18	5.14	5.58	5.89
	1.00	ZMYND19	ID_3345	0.00	2.32	3.88	3.62	4.50
	1.00	ZNF121	ID_3348	0.00	2.24	3.42	3.49	4.08
	1.00	ZNF16	ID_3350	0.00	2.23	3.81	3.99	4.62
	1.00	ZNF280C	ID_3356	0.00	2.35	3.91	5.08	4.71
	1.00	ZNF35	ID_3360	0.00	2.49	4.01	4.50	4.70
	1.00	ZNF367	ID_3361	0.00	2.38	4.07	4.57	5.00
	1.00	ZNF391	ID_3362	0.00	2.79	4.08	4.71	4.94
	1.00	ZNF425	ID_3363	0.00	2.42	3.66	4.09	4.28
	1.00	ZNF512B	ID_3370	0.00	2.72	4.08	4.49	4.99
	1.00	ZNF525	ID_3371	0.00	2.09	3.40	3.72	4.15
	1.00	ZNF562	ID_3374	0.00	2.35	3.87	4.30	4.45
	1.00	ZNF570	ID_3375	0.00	1.91	2.57	3.07	3.33
	1.00	ZNF571	ID_3376	0.00	1.97	3.15	3.60	3.74
	1.00	ZNF639	ID_3381	0.00	2.01	3.18	3.77	3.88
	1.00	ZNF667	ID_3384	0.00	3.11	4.39	4.68	5.58
	1.00	ZNF670	ID_3385	0.00	1.84	3.10	3.20	3.61
	1.00	ZNF749	ID_3390	0.00	2.44	3.66	3.93	4.50
	1.00	ZNRF3	ID_3399	0.00	2.85	4.33	4.90	5.38
	1.00	ZPR1	ID_3401	0.00	2.01	3.30	3.78	4.11
	1.00	ZXDB	ID_3409	0.00	2.79	4.22	4.83	5.05
